tip	date	distance	residual
DRC_07-0104	2006.9506849315069	0.0023250972508906415	2.3777221193646038E-4
MT724771	2014.0	0.002376250014435416	2.41069247268117E-4
Yambuku_DRC_1985	1985.5	0.00222047078028629	2.787681369965456E-4
DRC_06-1076	2006.9123287671232	0.0022796540233922815	1.9258937316526037E-4
DRC_06-1075	2006.9123287671232	0.0022631179995297296	1.7605334930270852E-4
DRC_06-0999	2006.854794520548	0.0022631179995297296	1.7644393239344856E-4
DRC_06-1070	2006.8958904109588	0.002200553356725055	1.1360030166681669E-4
DRC_07-0514	2007.4931506849316	0.002268498756154705	1.774910766306841E-4
DRC_07-0287	2007.213698630137	0.002285317003148789	1.962064414940787E-4
DRC_07-0093	2006.9835616438356	0.0022583033329537593	1.7075510366201243E-4
DRC_07-0046	2006.9506849315069	0.0022583033329537597	1.709782939995786E-4
DRC_07-0045	2006.9506849315069	0.0022583033329537597	1.709782939995786E-4
DRC_07-0092	2006.9835616438356	0.0022583033329537597	1.7075510366201287E-4
DRC_07-0480	2007.3945205479451	0.0022583033329537597	1.6796522444243768E-4
DRC_07-0286	2007.2191780821918	0.0022638029833663975	1.746552233220927E-4
KC257460	1985.5	0.002229189793403666	2.874871501139216E-4
Zaire_1979-005	1979.5	0.0024948245948266537	5.938541881427102E-4
Zaire_1978-005	1978.5	0.002242338326218161	3.481566256351839E-4
MN702449	2016.0027322404371	0.0022599969141637614	1.1122018641720414E-4
MN702446	2018.282191780822	0.0022773127060120696	1.1306139737679534E-4
MN702445	2017.0986301369862	0.0022865609274897317	1.3034447100683608E-4
MN702444	2017.0986301369862	0.0022865609274897317	1.3034447100683608E-4
MT724772	2014.0	0.0022868954555171233	1.5171468834982446E-4
MT724770	2014.0	0.00227045548566372	1.352747184964211E-4
KJ642613	1970.5	0.0021994514270145104	3.5957937523926724E-4
Congo_2003_358	2003.5	0.002246483835182418	1.8258448207527115E-4
MN702451	2017.282191780822	0.0022860448168153516	1.285822142810455E-4
Boende_DRC_2008	2008.5	0.0022568485947799554	1.5900571116797416E-4
DRC_07-0662	2007.6739726027397	0.002251106860718258	1.5887163433762376E-4
DRC_07-0354	2007.2986301369863	0.002251106860718258	1.6141972402483606E-4
DRC_06-0950	2006.7698630136986	0.0022775355982280663	1.9143810613049842E-4
DRC_07-0338	2007.227397260274	0.0022716861504999543	1.8248259287125803E-4
DRC_07-0337	2007.227397260274	0.0022771708168655954	1.8796725923689913E-4
MN702453	2001.6082191780822	0.0022457285347850394	1.946719256853374E-4
MN702452	2010.6054794520549	0.0022511947215992775	1.3905835678567225E-4
MPXV/COD/2023/172V	2022.5	0.0022859638544455462	9.307908542003024E-5
MN702450	2016.0	0.0022885728813140742	1.3981470194484235E-4
MN702448	2018.1780821917807	0.0022511911325313622	8.764659329838116E-5
MN702447	2018.213698630137	0.0022511911325313627	8.740480376601698E-5
KJ642618	1990.5	0.002320989633449368	3.453434596547892E-4
BNITM-Gabon1988	1988.5	0.0022838637416661154	3.217949800734697E-4
KJ642619	1988.5	0.0022727906736945717	3.10721912101926E-4
KJ642612	1986.5	0.002297668397513668	3.49177048122957E-4
NC_003310	1996.5	0.002889290138345161	8.729117279447814E-4
DRC_07-0120	2007.0027397260274	0.0023104917485220517	2.2281332486672476E-4
DRC_07-0450	2007.4	0.0022938847408000636	2.035094338991455E-4
DRC_06-0970	2006.8301369863013	0.0022433381762790496	1.5683150189594285E-4
DRC_07-0283	2007.1534246575343	0.0022748616065971223	1.8616022722795075E-4
DRC_07-0275	2007.109589041096	0.0022748616065971223	1.8645781434470507E-4
MPXV-USA2003_099_Gambian_Rat	2003.5	0.0016735964268521318	-3.903029262550151E-4
DQ011153	2003.5	0.001678686698820252	-3.8521265428689486E-4
MPXV-USA2003_099_Dormouse	2003.5	0.001678686698820252	-3.8521265428689486E-4
MPXV-USA2003_099_Rope_Squirrel	2003.5	0.001678686698820252	-3.8521265428689486E-4
DQ011157	2003.5	0.001678686698820252	-3.8521265428689486E-4
KJ642616	1968.5	0.0015495830478157485	-2.7671159175755985E-4
AY603973	1961.5	0.0014886459869770182	-2.9012770988952287E-4
MT724769	2012.0	0.0015094416568836309	-6.121616980817332E-4
AY753185	1958.5	0.00149263991108071	-2.657676674829314E-4
Sierra_Leone	1970.5	0.001575457995017361	-2.644140567578822E-4
Cote_dIvoire_1971	1971.5	0.0016011997159125486	-2.4546104196366105E-4
DQ011156	1970.5	0.0015218318902330125	-3.1804016154223067E-4
KJ136820	2012.2056010928964	0.0016023327029623124	-5.206664173967631E-4
MPXV_TNP_2018_East_Paddy	2018.3561643835617	0.0016320707593415746	-5.326827275532226E-4
MPXV_TNP_2018_East_Placali	2018.3808219178081	0.0016548769551119405	-5.10043924536031E-4
MPXV_TNP_2017_South_Pushkin	2017.0630136986301	0.0016266412623332843	-5.293334046172484E-4
MPXV_TNP_2017_South_Ravel_1	2017.0602739726028	0.0016266412623332843	-5.29314805422453E-4
MPXV_TNP_2017_North_Environmental	2017.1890410958904	0.0016266412623332843	-5.301889675779188E-4
MPXV_TNP_2017_South_Woodstock	2017.035616438356	0.0016266412623332845	-5.291474126692768E-4
MPXV_TNP_2017_North_Surprise_2	2017.282191780822	0.0016266412623332843	-5.308213402010218E-4
MPXV_TNP_2017_North_Saro	2017.2356164383561	0.0016266412623332843	-5.305051538894703E-4
MPXV_TNP_2017_North_Bic	2017.194520547945	0.0016266412623332843	-5.302261659675131E-4
MPXV_TNP_2017_North_Mama	2017.172602739726	0.0016266412623332843	-5.30077372409136E-4
MPXV_TNP_2017_North_Surprise_1	2017.2520547945205	0.0016266412623332843	-5.306167490582532E-4
MPXV_TNP_2017_North_Sidonie	2017.2493150684932	0.0016266412623332843	-5.30598149863456E-4
MPXV_TNP_2017_South_Ravel_2	2017.0821917808219	0.0016266412623332843	-5.294635989808285E-4
KJ642617	1971.5	0.0018276076942073997	-1.905306366881002E-5
MPXV_Nig_2017_297957	2017.5	0.0020515762454934292	-1.0736499302725242E-4
MPXV/015/19	2019.1972602739727	0.0020353480019382245	-1.3511543775930482E-4
9000450	2022.7074200913244	0.0021710137550648226	-2.327912800013064E-5
9000360	2022.622488584475	0.0021710137550648226	-2.270255296141742E-5
MPXV_Nigeria_2017_2948	2017.7896118721462	0.0019985524405023033	-1.6235488790172998E-4
MK783033	2017.7698630136986	0.00205402771259207	-1.067455466161331E-4
MPXV_Nigeria_2017_2947	2017.7896118721462	0.0019985524405023033	-1.6235488790172998E-4
MPXV-UK_P1	2018.7074200913244	0.0019938349260942108	-1.7330313256687466E-4
MPXV/003/19	2019.041095890411	0.002021183318041957	-1.4821996755213325E-4
MN648051	2018.7561643835616	0.002015991073926703	-1.51477895408481E-4
MPXV-M5320_M15_Bayelsa	2018.6164383561643	0.00200544824818655	-1.6107216221397788E-4
MPXV/039/19	2019.323287671233	0.0020322256254114547	-1.3909337724674325E-4
MPXV/104/19	2019.8739726027397	0.002038004045166569	-1.3705339564586009E-4
MPXV/040/19	2019.323287671233	0.0020102107440130175	-1.6110825864518044E-4
MPXV/052/19	2019.4328767123288	0.0019989109914865513	-1.7315197896353423E-4
MPXV-Singapore	2019.3704337899544	0.00200907376962294	-1.6256529417905952E-4
MT250197	2019.5	0.002014532481735581	-1.5798616898703372E-4
MPXV/042/19	2019.323287671233	0.0020047408975990525	-1.6657810505914554E-4
2091	2019.9567351598175	0.0020303589401536003	-1.452603513349953E-4
2095	2019.9567351598175	0.0020303589401536003	-1.452603513349953E-4
2102	2019.9567351598175	0.0020303589401536003	-1.452603513349953E-4
MPXV/018/19	2019.2082191780821	0.0020480515598287575	-1.2248627664795866E-4
MPXV/058/19	2019.6301369863013	0.002046894124351607	-1.2650798812387275E-4
MPXV/053/19	2019.495890410959	0.0020192552938754263	-1.532354580549935E-4
MPXV_USA_2021_MD	2021.8745433789954	0.0021661383013777792	-2.250042646883329E-5
MPXV/Human/USA/CA-LACPHL-MA00462/2023	2023.0794520547945	0.0022216630833943596	2.4844584669243136E-5
MPXV/Human/USA/CA-LACPHL-MA00406/2023	2023.021917808219	0.0022380584027597563	4.163048712537993E-5
MPXV/Human/USA/CA-LACPHL-MA00470/2023	2023.1178082191782	0.0022271125115960345	3.0033624143756266E-5
MPXV/Human/USA/CA-LACPHL-MA00413/2023	2023.0164383561644	0.00222166308339436	2.52723661495779E-5
MPXV/ITM_pt_09/Belgium/2-Jun-2022	2022.4164383561645	0.0022172053056896592	2.4887812105457013E-5
MPXV/ITM_pt_05/Belgium/30-May-2022	2022.4082191780822	0.0022116034991558143	1.9341803156003486E-5
MPXV/ITM_pt_10/Belgium/1-Jun-2022	2022.4136986301369	0.002211603499155814	1.9304604766408762E-5
MPXV/ITM_pt_24/Belgium/16-Jun-2022	2022.454794520548	0.0022116034991558143	1.9025616844452024E-5
MPXV/ITM_pt_07/Belgium/30-May-2022	2022.4082191780822	0.0022116034991558143	1.9341803156003486E-5
Slovenia-MPXV-43-2022	2022.622488584475	0.002228075105463173	3.435879743693285E-5
ANT-LDSP-ANT-MPX-24957C	2022.695890410959	0.0022370579842587385	4.2843372805224066E-5
BOL-UNIMOL-MPX-293165-L	2022.6027397260275	0.0022626043111826743	6.902207235226455E-5
BOL-UNIMOL-MPX-293059-L	2022.6575342465753	0.0022626043111826743	6.865008845632166E-5
BOL-UNIMOL-MPX-293136-L	2022.6794520547944	0.0022421551025320944	4.8052086247364536E-5
CES-UNIMOL-MPX-202203848-L	2022.7013698630137	0.0022421551025320944	4.790329268898564E-5
hMpxV/UK/LMO-029a/2022	2022.5123287671233	0.0022496326627892043	5.666419738710026E-5
SAN_INS_MPX_0971_L	2022.7753424657535	0.0022268662119693024	3.21122238666708E-5
DC_INS_MPX_0082_L	2022.6	0.002226866211969303	3.3302572333690234E-5
ANT-LDSP-ANT-MPX-24594-L	2022.682191780822	0.002238227864733369	4.4106249253840143E-5
VAC_INS_MPX_0957_HO	2022.786301369863	0.0022268662119693063	3.2037827087486124E-5
VAC_INS_MPX_0960_C	2022.786301369863	0.002226866211969306	3.203782708748569E-5
hMpxV/USA/CACDPH1MPX1000175/2022	2023.0027397260274	0.0022373238101162838	4.102608884548739E-5
MPXV/Human/USA/CA-LACPHL-MA00407/2023	2023.0246575342467	0.002242807565486449	4.636105065727392E-5
hMpxV/USA/CACDPH1MPX1000184/2023	2023.0246575342467	0.0022318766311208377	3.543011629166242E-5
MPXV/Human/USA/CA-LACPHL-MA00403/2023	2023.013698630137	0.0022318766311208377	3.5504513070852735E-5
MPXV/Human/USA/CA-LACPHL-MA00478/2023	2023.0191780821917	0.00224285262753032	4.6443311090740586E-5
hMpxV/USA/CACDPH1MPX1000178/2022	2023.0246575342467	0.002231876631120834	3.543011629165852E-5
MPXV_IRBA22-11	2022.3780821917808	0.002211475188324143	1.941808346710063E-5
Monkeypox/PT0546/2022	2022.6520547945206	0.002238730547476627	4.481352313986855E-5
9000405	2022.7074200913244	0.0022219987928036554	2.770590973870217E-5
MPXV-1047	2022.4301369863015	0.0022339513130891706	4.154082353098089E-5
hMPXV-IHU00009	2022.5123287671233	0.0022278513136947745	3.488284829267045E-5
hMPXV-IHU00004	2022.504109589041	0.002222380155056869	2.9467487239158343E-5
ID6821	2022.468493150685	0.0022114751883241467	1.8804310038798757E-5
MPXV/Human/USA/CA-LACPHL-MA00467/2023	2023.0684931506848	0.0022165620730629624	1.9817971117034542E-5
MPXV/Human/USA/CA-LACPHL-MA00468/2023	2023.0684931506848	0.0022165620730629663	1.9817971117038445E-5
MPXV/Human/USA/CA-LACPHL-MA00464/2023	2023.0684931506848	0.0022165620730629663	1.9817971117038445E-5
MPXV/Human/USA/CA-LACPHL-MA00466/2023	2023.0684931506848	0.0022325278100868194	3.578370814089158E-5
MPXV/Human/USA/CA-LACPHL-MA00463/2023	2023.0684931506848	0.00222685790605096	3.011380410503214E-5
Monkeypox_virus/Human/USA/CA-LACPHL-MA00223/2022	2022.7534246575342	0.002222099817231735	2.749462268748044E-5
MPXV/Human/USA/CA-LACPHL-MA00465/2023	2023.0684931506848	0.002239416604112173	4.267250216624533E-5
MPX_BhVKjm_9000232	2022.5375570776257	0.0022223805930115534	2.9240860024024908E-5
MpxV/human/CAN/UN-NML-3276/2022	2022.4109589041095	0.0022114751883241467	1.9194893129538797E-5
MPX/BR0002/2022	2022.4493150684932	0.002216922183975555	2.4381500053786975E-5
BOL-UNIMOL-MPX-293015-L	2022.6438356164383	0.0022216371357805676	2.777590902820065E-5
hMPXV-IHU00008	2022.5068493150684	0.0022216371357805676	2.8705868768059625E-5
MpxV/human/CAN/UN-NML-3972/2022	2022.504109589041	0.002227849405653705	3.4936737835994294E-5
MPXV/Human/USA/CA-LACPHL-MA00490/2023	2023.109589041096	0.0022389113453751227	4.1888255507235937E-5
NY-NYCPHL-001097	2022.509589041096	0.0022114751883241576	1.8525322116850693E-5
hMPXV/Austria/MUW1539124/2022	2022.5835616438355	0.0022118459462828555	1.839390181602573E-5
hMPXV/Austria/MUW1538395/2022	2022.5808219178082	0.0022063990225134394	1.2965577241406782E-5
MPXV/Human/USA/CA-LACPHL-MA00481/2023	2023.0465753424658	0.0022114778919535387	1.4882583565987983E-5
MPXV/Human/USA/CA-LACPHL-MA00476/2023	2023.0246575342467	0.002211477891953539	1.503137712436384E-5
Monkeypox/PT0198/2022	2022.4849315068493	0.0022114751771942663	1.869270374013545E-5
Monkeypox/PT0552/2022	2022.6520547945206	0.0022114751771942663	1.7558152857507885E-5
Monkeypox/PT0567/2022	2022.6712328767123	0.002211475177194266	1.7427958493927437E-5
hMpxV/USA/CACDPH1MPX1000173/2022	2023.021917808219	0.0022063990225134355	9.9711068790591E-6
hMpxV/USA/CA-CDPH-1000073/2022	2022.8465753424657	0.0022063990225134355	1.1161455346078101E-5
MPXV/Germany/2022/RKI586	2022.4553652968036	0.002238422014817583	4.5840257673970385E-5
Lesion	2022.386301369863	0.0022277780245978426	3.566512215640895E-5
MPXV/Germany/2022/ON/RKI725	2022.3704337899544	0.0022216370836939943	2.963190158909333E-5
MPXV/Germany/2022/RKI019	2022.3704337899544	0.0022216370836939943	2.963190158909333E-5
Slovenia-MPXV-10-2022	2022.5375570776257	0.0022165609548093677	2.342122182183914E-5
hMPXV-IHU00016	2022.5534246575342	0.002216560954809367	2.331350148530734E-5
hMPXV-IHU00015	2022.5534246575342	0.0022165609548093672	2.3313501485307773E-5
Monkeypox/PT0573/2022	2022.6794520547944	0.002222025999823357	2.7922983538626947E-5
MPXV/Germany/2022/ON/RKI507	2022.7074200913244	0.0022165609548093677	2.226807174441443E-5
MpxV/human/CAN/UN-NML-3934/2022	2022.4931506849316	0.002226722860845697	3.3884589807172804E-5
MpxV/human/CAN/UN-NML-3975/2022	2022.504109589041	0.002226722860845697	3.381019302798596E-5
MpxV/human/CAN/UN-NML-4050/2022	2022.5232876712328	0.002226722860845697	3.3679998664405946E-5
MpxV/human/CAN/UN-NML-3262/2022	2022.4082191780822	0.0022165609548093637	2.4299258809552977E-5
MpxV/human/CAN/UN-NML-3542/2022	2022.4301369863015	0.0022165609548093637	2.4150465251174084E-5
MpxV/human/CAN/UN-NML-3817/2022	2022.454794520548	0.0022165609548093637	2.3983072498001516E-5
MpxV/human/CAN/UN-NML-3450/2022	2022.4191780821918	0.0022165609548093637	2.4224862030364398E-5
MpxV/human/CAN/UN-NML-3976/2022	2022.504109589041	0.002222007859313496	2.909519149578519E-5
MpxV/human/CAN/UN-NML-3147/2022	2022.4	0.0022165609548093637	2.4355056393944412E-5
Monkeypox/PT0466/2022	2022.5917808219178	0.002226761536800421	3.325369474919959E-5
MPXV/Human/USA/CA-LACPHL-MA00433/2022	2022.7452054794521	0.0022378680617926266	4.3318664832763584E-5
MPXV-USA-IL-IDPH-038	2022.4602739726026	0.002226761536800421	3.4146456099464276E-5
MAG-UNIMOL-MPX-292982-L	2022.6328767123289	0.002226761536800421	3.2974706827240685E-5
LBMB-UTP_MP-013_VAC	2022.8602739726027	0.00224348405794456	4.815349480321706E-5
BOL-UNIMOL-MPX-293772-L	2022.876712328767	0.002226761536800421	3.13193784902948E-5
ANT-LDSP-ANT-MPX-3668E	2023.1260273972603	0.0022430379843778932	4.59032993412236E-5
ANT-LDSP-ANT-MPX-29778O	2022.8383561643836	0.0022318377217659595	3.665595218299176E-5
LBMB-UTP_MP-001_QUI	2022.7013698630137	0.0022434694426191723	4.921763277606359E-5
MPXV_USA_2022_CA0034	2022.5375570776257	0.002226761536800421	3.362180381289229E-5
02112022_anal	2022.835616438356	0.0022165514318976073	2.138826150943846E-5
23022023_anal	2023.145205479452	0.00224209994647315	4.48350670729002E-5
13022023_anal	2023.1178082191782	0.00224209994647315	4.502105902087165E-5
28022023_anal	2023.158904109589	0.00224209994647315	4.4742071098914475E-5
08022023_anal	2023.1041095890412	0.0022478511401655744	5.08652486872819E-5
26012023_anal	2023.0684931506848	0.0022369240196848167	4.0179917738888786E-5
02022023_anal	2023.0876712328768	0.0022369240196848167	4.004972337530704E-5
19012023_anal	2023.0493150684931	0.002222486664184225	2.5872756601877205E-5
26012023_neck	2023.0684931506848	0.002227220335518148	3.0476233572219926E-5
02022023_gluteal	2023.0876712328768	0.0022326091329101087	3.5734836600599066E-5
MPXV/ES0001/HUGTiP/2022	2022.3808219178081	0.0022220154666654484	2.9939762613609075E-5
MPXV_347_R_SP_2022	2022.5	0.002216560930521346	2.3676161495829982E-5
NY-NYCPHL-000719	2022.5479452054794	0.0022494261947912215	5.621593985675457E-5
MPXV_USA_2022_AR0001	2022.5375570776257	0.0022220083415272376	2.886860853970911E-5
MPXV_347_SP_2022	2022.5	0.002216560930521346	2.3676161495829982E-5
MpxV/Spain/MD-HGUGM-6532064/2022	2022.4	0.0022220132310081003	2.980733259268101E-5
MPXV_353_R_SP_2022	2022.5	0.0022063990225134355	1.3514253487919518E-5
MPXV/Germany/2022/ON/RKI871	2022.5375570776257	0.0022063990225134433	1.3259289525914802E-5
MPXV/Germany/2022/ON/RKI652	2022.622488584475	0.0022282656499222025	3.4549341895962534E-5
MPXV_352_R_SP_2022	2022.5	0.0022063990225134394	1.351425348792342E-5
MPXV/Germany/2022/ON/RKI640	2022.622488584475	0.0022118476126152323	1.8131304588992272E-5
hMPXV-CH-38347314/2022	2022.4328767123288	0.002211475188324143	1.9046099571157736E-5
MPXV/Germany/2022/RKI061	2022.4553652968036	0.0022223801534021932	2.9798396258580787E-5
MPXV/Germany/2022/ON/RKI667	2022.3704337899544	0.002211475188324143	1.9470006219241866E-5
hMpxV/Switzerland/ZH-UZH-IMV-3ba64538/2022	2022.4164383561645	0.002211475188324143	1.9157694739940605E-5
INMI-Pt4	2022.3835616438357	0.002211475188324143	1.9380885077506342E-5
MPX_luLfgA_9000208	2022.5375570776257	0.0022165513667395955	2.3411633752066976E-5
9000394	2022.622488584475	0.002216551366739599	2.2835058713358957E-5
SIC-AOUP-UNIPA_VL_9aug	2022.6027397260275	0.00223292960873915	3.9347369908740264E-5
MPXV/Germany/2022/ON/RKI857	2022.5375570776257	0.002211475188324143	1.83354553366143E-5
MPXV/Germany/2022/ON/RKI663	2022.3704337899544	0.002211475188324143	1.9470006219241866E-5
MPXV/Germany/2022/RKI333	2022.7074200913244	0.002233337579308637	3.90446962436836E-5
MPXV/human/Taiwan/110-231642/2022	2022.4553652968036	0.0022333374397724374	4.075568262882495E-5
ATL-UNIMOL-MPX-292896-L	2022.613698630137	0.002212197045002713	1.854040939311451E-5
MpxV/human/CAN/UN-NML-3253/2022	2022.4082191780822	0.002211862618022067	1.9600922022256113E-5
MpxV/human/CAN/UN-NML-4119/2022	2022.504109589041	0.0022220770786251028	2.9164410807391936E-5
MPXV_USA_2022_MA0149	2022.5	0.0022393458288351613	4.646105980964533E-5
MpxV/human/CAN/UN-NML-4122/2022	2022.5013698630137	0.0022165609305213494	2.3666861898435747E-5
MpxV/human/CAN/UN-NML-2936/2022	2022.3808219178081	0.0022267616210371924	3.468591698535311E-5
MPX_J6xzTO_9000286	2022.622488584475	0.002226761621037192	3.3045313010952E-5
MpxV/human/CAN/UN-NML-3440/2022	2022.427397260274	0.0022376740399879576	4.5282149624566864E-5
hMpxV/UK/LMO-010a/2022	2022.468493150685	0.002226761621037192	3.4090742751844046E-5
MpxV/human/CAN/UN-NML-2930/2022	2022.3835616438357	0.0022267616210371924	3.466731779055597E-5
MpxV/human/CAN/UN-NML-2928/2022	2022.3835616438357	0.0022267616210371924	3.466731779055597E-5
MpxV/human/CAN/UN-NML-4155/2022	2022.490410958904	0.0022322109932787918	3.939132143506666E-5
MpxV/human/CAN/UN-NML-2959/2022	2022.386301369863	0.002237681312141755	4.556840970032158E-5
MpxV/human/CAN/UN-NML-4144/2022	2022.504109589041	0.00223766778593841	4.475511812069904E-5
MpxV/human/CAN/UN-NML-3193/2022	2022.4109589041095	0.0022267616210371924	3.448132584258452E-5
MPX/PT0076/2022	2022.5561643835617	0.002206399022513435	1.3132969994576749E-5
MPXV-ROK-P1-2022	2022.622488584475	0.0022173039738264473	2.3587665800207328E-5
hMPXV-IHU00011	2022.545205479452	0.002211850785725851	1.8659129986181404E-5
hMpxV/Switzerland/ZH-UZH-IMV-3ba6450e/2022	2022.4164383561645	0.0022063990225134355	1.40815289292333E-5
hMPXV-IHU00002	2022.495890410959	0.0022063990225134355	1.3542152280114367E-5
hMpxV/USA/ID-IBL-843782/2022	2022.6	0.002228256189574619	3.4692549939006456E-5
MPXV/Germany/2022/RKI531	2022.5375570776257	0.002211475177194266	1.833544420673733E-5
hMpxV/UK/LMO-005a/2022	2022.4657534246576	0.0022114751771942663	1.8822898103715464E-5
MPXV_UK_2022_9000179	2022.482191780822	0.0022114751771942663	1.8711302934932596E-5
MPXV/Germany/2022/RKI056	2022.4553652968036	0.0022114751771942663	1.8893420050653843E-5
MPXV/Germany/2022/RKI051	2022.4553652968036	0.0022114751771942663	1.8893420050653843E-5
Monkeypox/PT0400/2022	2022.545205479452	0.00222163824322365	2.8446587483980414E-5
MPX/PT0114/2022	2022.5342465753424	0.0022216382432236506	2.852098426317116E-5
MPXV_1300_SP_2022	2022.5	0.0022169220775680536	2.403730854253763E-5
hMPXV/Austria/MUW1527495/2022	2022.468493150685	0.0022114751771942663	1.880429890891832E-5
MPXV_2428_SP_2022	2022.5	0.002211475177194266	1.8590408168749854E-5
MPXV/Germany/2022/RKI581	2022.4553652968036	0.0022334380150267493	4.085625788313686E-5
9000426	2022.622488584475	0.0022063990225134355	1.2682714487195507E-5
MPXV/Germany/2022/ON/RKI324	2022.622488584475	0.0022063990225134355	1.2682714487195507E-5
LIM-INS-021	2022.517808219178	0.0022063990225134355	1.3393358721738944E-5
LIM-INS-010	2022.4986301369863	0.0022063990225134355	1.3523553085317223E-5
LIM-INS-018	2022.517808219178	0.0022063990225134355	1.3393358721738944E-5
LIM-INS008	2022.495890410959	0.0022063990225134355	1.3542152280114367E-5
LIM-INS-015	2022.517808219178	0.0022063990225134355	1.3393358721738944E-5
LIM-INS-001	2022.4794520547946	0.0022063990225134355	1.3653747448897236E-5
LIM-INS-003	2022.4849315068493	0.0022063990225134355	1.3616549059304681E-5
MPXV/Human/USA/CA-LACPHL-MA00408/2023	2023.027397260274	0.0022282543809691844	3.178926694521371E-5
LIM-INS-016	2022.517808219178	0.002217302621139306	2.4296957347609647E-5
ANT-LDSP-ANT-MPX-29396O	2022.8191780821917	0.0022176388380651113	2.2587262845725348E-5
DC_INS_MPX-1122-H	2022.805479452055	0.0022120128605645035	1.7054281319103283E-5
9000387	2022.622488584475	0.0022173039738264473	2.3587665800207328E-5
MPXV_USA_2023_MA0219	2023.5	0.002226766148180003	2.7092673053520297E-5
MPXV_USA_2023_MA0218	2023.5	0.0022322935411563205	3.262006602983798E-5
ANT-LDSP-ANT-MPX-26719E	2022.7424657534248	0.0022063990225134394	1.1868224748373506E-5
ANT-LDSP-ANT-MPX-25258C	2022.6986301369864	0.0022063990225134394	1.2165811865127822E-5
hMpxV/USA/CA-CDPH-1MPX1000120/2022	2022.717808219178	0.0022173381425169363	2.2974737505044706E-5
LIM-INS-013	2022.5150684931507	0.0022063990225134355	1.3411957916534354E-5
ANT-LDSP-ANT-MPX-25271C	2022.6986301369864	0.0022063990225134355	1.2165811865123919E-5
LIM-INS-012	2022.509589041096	0.0022118459506925018	1.88960844851949E-5
MPX/PT0124/2022	2022.531506849315	0.0022388312994813353	4.573263971565126E-5
PatientMPXV	2022.4383561643835	0.0022114751883241467	1.900890118156735E-5
Monkeypox/PT0493/2022	2022.6082191780822	0.002250974010609598	5.7354573389593964E-5
MPX/PT0113/2022	2022.5342465753424	0.002227315062836966	3.419780387648678E-5
hMpxV/UK/LMO-036a/2022	2022.5342465753424	0.0022327731146583383	3.965585569785891E-5
hMpxV/UK/LMO-012a/2022	2022.468493150685	0.002227331158613636	3.4660280328288086E-5
MPXV/Germany/2022/ON/RKI458	2022.7074200913244	0.002233343967689881	3.905108462492774E-5
MPXV_UK_2022_9000143	2022.454794520548	0.002211475188324143	1.8897306012780578E-5
NY-NYCPHL-000788	2022.5287671232877	0.0022223918251122743	2.931176454138741E-5
MPXV_UK_2022_9000102	2022.4465753424658	0.002211475188324143	1.8953103597170277E-5
MPXV_USA_2022_MA0008	2022.5	0.002216946416179538	2.4061647154021912E-5
MPXV_UK_2022_9000136	2022.5123287671233	0.0022169221428975623	2.395367749545834E-5
MPX_dTfiMV_9000200	2022.5375570776257	0.002211475188324143	1.83354553366143E-5
9000415	2022.622488584475	0.002248214360104912	5.449805207867215E-5
MPX_nKUAZz_9000294	2022.622488584475	0.0022318400127766874	3.8123704750447386E-5
NICD-SVPL232	2022.4767123287672	0.002237274525667188	4.454784979744707E-5
NICD-SVPL223	2022.4657534246576	0.002237274525667188	4.4622246576637385E-5
MPXV/Human/USA/CA-LACPHL-MA00486/2023	2023.131506849315	0.0022606516734880824	6.347979006182019E-5
PrEV_case_2	2022.7506849315068	0.0022500245695441273	5.543797419467001E-5
MPXV_UK_2022_9000133	2022.5068493150684	0.002216551366739599	2.3620099727090973E-5
MPXV/Germany/2022/RKI212	2022.622488584475	0.0022165513667395955	2.2835058713355488E-5
MPXV/Germany/2022/ON/RKI804	2022.5375570776257	0.002221999827266207	2.8860094278678524E-5
MPXV/Germany/2022/RKI206	2022.622488584475	0.002221999313558757	2.8283005532517193E-5
MPXV/Germany/2022/RKI202	2022.622488584475	0.0022114751883241467	1.7758880297906714E-5
Monkeypox/MX-UANL001/2022	2022.4876712328767	0.002227851214721457	3.50501420725291E-5
MPXV/Germany/2022/ON/RKI877	2022.5375570776257	0.0022114751883241467	1.8335455336618203E-5
ANT-LDSP-ANT-MPX-24945C	2022.695890410959	0.0022165609548093672	2.2346343355852775E-5
ANT-LDSP-ANT-MPX-28297C	2022.7808219178082	0.002232594493155348	3.780330666312186E-5
ANT-LDSP-ANT-MPX-23655-L	2022.6602739726027	0.00222165007923458	2.767725731343037E-5
ANT-LDSP-ANT-MPX-25340L	2022.6986301369864	0.00222165007923458	2.7416868586268607E-5
ANT-LDSP-ANT-MPX-23654-O	2022.6602739726027	0.0022381945469131617	4.422172499201184E-5
9000385	2022.7074200913244	0.002226739223822249	3.2446340757295855E-5
ANT-LDSP-ANT-MPX-24717-L	2022.6849315068494	0.002226739223822249	3.2599009147923214E-5
ANT-LDSP-ANT-MPX-24567-E	2022.682191780822	0.0022267392238222495	3.261760834272079E-5
ANT-LDSP-ANT-MPX-23285-L	2022.6438356164383	0.002226739223822249	3.287799706988212E-5
ANT-LDSP-ANT-MPX-23651-L	2022.6602739726027	0.00222165007923458	2.767725731343037E-5
ANT-LDSP-ANT-MPX-25342E	2022.6739726027397	0.00222165007923458	2.7584261339444645E-5
ANT-LDSP-ANT-MPX-23202-C	2022.641095890411	0.0022216500792345798	2.780745167700995E-5
ANT-LDSP-ANT-MPX-22815-L	2022.627397260274	0.00222165007923458	2.7900447650996106E-5
ANT-LDSP-ANT-MPX-23683-L	2022.6602739726027	0.00222165007923458	2.767725731343037E-5
ANT-LDSP-ANT-MPX-24913-O	2022.6876712328767	0.0022272440301007237	3.3085216231602474E-5
ANT-LDSP-ANT-MPX-28305C	2022.7808219178082	0.0022275063513568748	3.2715164864648844E-5
LBMB-UTP_MP-002_TOL	2022.7095890410958	0.0022165609548093672	2.2253347381868786E-5
ANT-LDSP-ANT-MPX-24939C	2022.695890410959	0.0022279270752738616	3.3712463820347125E-5
ANT-LDSP-ANT-MPX-26237E	2022.7342465753425	0.0022165609548093672	2.208595462869275E-5
MpxV/Spain/MD-HGUGM-6513479/2022	2022.4	0.0022220492692274366	2.984337081201726E-5
MPXV_417_SP_2022	2022.5	0.0022165609548093637	2.367618578384776E-5
MPXV_UK_2022_9000147	2022.4493150684932	0.0022165609548093637	2.4020270887595806E-5
ANT-LDSP-ANT-MPX-24446-E	2022.668493150685	0.0022165609548093637	2.2532335303820754E-5
MPX/PT0081/2022	2022.5561643835617	0.0022275003192988867	3.4234266780028364E-5
hMPXV-IHU00012	2022.545205479452	0.002221637083693994	2.8445427954324094E-5
MPX-96/Finland/2022	2022.454794520548	0.002227084002623758	3.450612031239558E-5
MPXV_UK_2022_9000099	2022.4356164383562	0.002206399022513439	1.3951334565656757E-5
MPXV/Germany/2022/RKI524	2022.4553652968036	0.0022169224754578234	2.434071831421093E-5
9000438	2022.7074200913244	0.002244331384248752	5.003850118379897E-5
MpxV/human/USA/WA-UW-048370/2023	2023.2882420091325	0.0022526137267786257	5.437781441667254E-5
MpxV/human/USA/WA-UW-042823/2023	2023.2882420091325	0.002247166769756435	4.893085739448178E-5
MpxV/human/USA/WA-UW-028492/2023	2023.126598173516	0.0022420906422785897	4.495208240967155E-5
MpxV/human/USA/WA-UW-041886/2023	2023.2882420091325	0.00224209064227859	4.385472991663697E-5
hMpxV/USA/CACDPH1MPX1000172/2022	2023.0301369863014	0.002244332636095177	4.784892287640905E-5
MPXV_USA_2022_TX0002	2022.7896118721462	0.0022114751771942663	1.662431828539871E-5
MPXV_USA_2022_TX0024	2022.622488584475	0.0022114751771942663	1.7758869168026277E-5
NY-NYCPHL-000598	2022.5808219178082	0.0022114751771942663	1.804173192223365E-5
NY-NYCPHL-000452	2022.5506849315068	0.0022114751771942663	1.8246323065003976E-5
MPXV/Germany/2022/ON/RKI315	2022.622488584475	0.0022114751771942663	1.7758869168026277E-5
MpxV/human/USA/WA-UW-012937/2023	2023.0416666666667	0.0022559295963220875	5.936761149188084E-5
9000327	2022.622488584475	0.002227849566843729	3.4133258817489135E-5
MPX_eobXCZ_9000296	2022.622488584475	0.0022278513607981248	3.413505277188476E-5
MPXV/Human/USA/CA-LACPHL-MA00461/2023	2023.0520547945205	0.002233526007325	3.689350054785498E-5
BOL-UNIMOL-MPX-293428-L	2022.8246575342466	0.0022318399909792255	3.67512173702453E-5
BOL-UNIMOL-MPX-293419-L	2022.8191780821917	0.0022318399909792255	3.678841575983959E-5
Slovenia-MPXV-42-2022	2022.622488584475	0.002237778634460163	4.4062326433922955E-5
MPX_L6rBi6_9000265	2022.622488584475	0.0022597341476042238	6.601783957798377E-5
NY-NYCPHL-000808	2022.5287671232877	0.0022278616645726107	3.478160400172386E-5
MPXV/Human/USA/CA-LACPHL-MA00437/2022	2022.7561643835616	0.002226736126820859	3.2112333081809035E-5
MPXV/Human/USA/CA-LACPHL-MA00456/2022	2022.8027397260273	0.002226736126820859	3.179614677025584E-5
MPXV_USA_2022_NC0008	2022.622488584475	0.0022169225633127407	2.3206255286500714E-5
MPXV/Human/USA/CA-LACPHL-MA00405/2023	2023.0246575342467	0.0022420853807720476	4.5638865942872284E-5
MPXV/Human/USA/CA-LACPHL-MA00404/2023	2023.0246575342467	0.0022420853807720476	4.5638865942872284E-5
MPXV/Germany/2022/RKI347	2022.7074200913244	0.002206399022513435	1.210613944848185E-5
MPXV/Germany/2022/RKI584	2022.4553652968036	0.0022063990225134355	1.3817265369823074E-5
MPX_Fap1fz_9000235	2022.5375570776257	0.002233751366740103	4.0611633752574584E-5
MPXV/Germany/2022/RKI063	2022.4553652968036	0.002206399022513435	1.381726536982264E-5
PrEV_case_1	2022.6520547945206	0.0022063990225134355	1.2481998176677115E-5
MPxV/Prague_001/2022/flye_medaka	2022.3205479452056	0.0022063990225134355	1.4732500747133368E-5
MPXV/Germany/2022/RKI013	2022.4553652968036	0.002206399022513435	1.381726536982264E-5
MPXV/human/Taiwan/109-005210/2023	2023.126598173516	0.002206399022513439	9.260462644520868E-6
Slovenia-MPXV-28-2022	2022.5375570776257	0.0022267343377524204	3.359460476489188E-5
Slovenia-MPXV-40-2022	2022.622488584475	0.0022267343377524243	3.30180297261843E-5
Slovenia-MPXV-36-2022	2022.5375570776257	0.0022432143886381897	5.0074655650661146E-5
Slovenia-MPXV-44-2022	2022.622488584475	0.0022267343377524243	3.30180297261843E-5
MPXV/human/Japan/Tokyo/2022/TKY220187	2022.7896118721462	0.0022114752334291355	1.6624374520267902E-5
MPXV/human/Japan/Tokyo/2022/TKY220165	2022.7074200913244	0.0022114752334291355	1.7182350364182246E-5
MPXV/human/Taiwan/110-539498/2023	2023.203310502283	0.002243903815857523	4.624447853428292E-5
MPXV/human/Taiwan/0310000009/2023	2023.203310502283	0.002233153578817767	3.549424149452713E-5
MPXV/human/Japan/Tokyo/2022/TKY220176	2022.7896118721462	0.0022114752334291355	1.6624374520267902E-5
MPXV/human/Taiwan/110-093831/2023	2023.126598173516	0.0022223815242102454	2.524296434132725E-5
MPXV/human/Taiwan/110-525030/2023	2023.203310502283	0.002257504309508941	5.984497218570117E-5
MPXV/human/Taiwan/240031000030/2023	2023.203310502283	0.0022493995705171513	5.1740233193911436E-5
MPXV/human/Japan/Tokyo/2023/TKY220318	2023.0657534246575	0.0022216275670780775	2.4902064326946804E-5
MPXV/human/Japan/Tokyo/2023/TKY220310	2023.0657534246575	0.0022216275670780775	2.4902064326946804E-5
MPXV/human/Japan/Tokyo/2023/TKY220325	2023.0794520547945	0.0022270744099683517	3.0255911243235248E-5
MPXV/human/Japan/Tokyo/2023/TKY220343	2023.1178082191782	0.0022270744099683517	2.9995522516073486E-5
MPXV/human/Japan/Tokyo/2023/TKY220304	2023.0602739726028	0.002221627567078077	2.493926271654066E-5
MPXV/human/Japan/Tokyo/2023/TKY220342	2023.1068493150685	0.0022270744099683517	3.0069919295262065E-5
MPXV/Germany/2022/RKI251	2022.622488584475	0.0022223800908813675	2.8663782855127464E-5
MPXV/Spain/HUNSC_ITER_0001a/2022	2022.4109589041095	0.0022228513681194955	3.057107292488755E-5
MPX_0MZd8B_9000260	2022.622488584475	0.0022114752334291316	1.7758925402891566E-5
MPXV/Spain/HUNSC_ITER_0001b/2022	2022.4109589041095	0.0022227430409816136	3.04627457870057E-5
hMpxV/UK/LMO-043a/2022	2022.5479452054794	0.002222433608230357	2.9223353295890035E-5
MPXV_FR_HCL0001_2022	2022.386301369863	0.0022169488561768627	2.4835953735429135E-5
Slovenia-MPXV-26-2022	2022.5375570776257	0.002228074302594788	3.493456960725928E-5
MpxV/human/USA/WA-UW-077466/2022	2022.5375570776257	0.0022114752334291316	1.8335500441603054E-5
MPXV22/human/USA-NE-250	2022.6657534246576	0.0022114752334291316	1.7465213118385715E-5
SI2022_S7	2022.4553652968036	0.0022114752334291316	1.8893476285519132E-5
Slovenia-MPXV-08-2022	2022.4553652968036	0.0022114752334291316	1.8893476285519132E-5
Slovenia-MPXV-09-2022	2022.4553652968036	0.0022114752334291316	1.8893476285519132E-5
MPX-37/Finland/2022	2022.3917808219178	0.0022114752334291316	1.9325132598103662E-5
MPXV_SI2022_S4	2022.4553652968036	0.0022114752334291316	1.8893476285519132E-5
MPXV_SI2022_S5	2022.4553652968036	0.0022114752334291316	1.8893476285519132E-5
NY-NYCPHL-000214	2022.495890410959	0.0022333361326902505	4.04792624569294E-5
MPXV_SI2022_S3	2022.4553652968036	0.0022114752334291316	1.8893476285519132E-5
MPXV_USA_2022_MA0165	2022.5	0.002211475233429131	1.8590464403615142E-5
Slovenia-MPXV-22-2022	2022.5375570776257	0.002211475233429131	1.833550044160262E-5
hMpxV/Switzerland/ZH-UZH-IMV-3ba6449f/2022	2022.4136986301369	0.002211475233429131	1.917633903972607E-5
RNA_74fuk0	2022.504109589041	0.002222380793767743	2.946812595003203E-5
MPXV/Germany/2023/RKI719	2023.0416666666667	0.002273067881307116	7.650589647690935E-5
MPXV/Germany/2023/RKI718	2023.0416666666667	0.002273067881307116	7.650589647690935E-5
hMPX/USA/CA-LACPHL-MA00167/2022	2022.7150684931507	0.0022439868757046038	4.9642069887509323E-5
hMPX/USA/CA-LACPHL-MA00158/2022	2022.7260273972602	0.0022216360292729165	2.7216826676635178E-5
MPXV_SI2022_S1_VEROE6	2022.3890410958904	0.0022114752334291355	1.934373179290471E-5
SLO	2022.3890410958904	0.0022114752334291355	1.934373179290471E-5
MPXV_2369_SP_2022	2022.5	0.0022169221774416487	2.40374084161327E-5
NY-NYCPHL-001191	2023.027397260274	0.0022736137325711885	7.714861854721776E-5
NY-NYCPHL-001190	2023.027397260274	0.002262705922709289	6.624080868531832E-5
MPXV/ITM_pt_31/Belgium/27-May-2022	2022.4	0.0022166797625897336	2.4473864174314255E-5
MPXV/ITM_pt_16/Belgium/10-Jun-2022	2022.4383561643835	0.0022166797625897336	2.421347544715423E-5
MPXV/ITM_pt_25/Belgium/16-Jun-2022	2022.454794520548	0.0022166797625897336	2.410188027837136E-5
CVR_MPXV1c	2022.3671232876711	0.0022063990225134316	1.4416314435579738E-5
hMPXV/Austria/MUW1532243/2022	2022.509589041096	0.002228256195221115	3.530632901380809E-5
Slovenia-MPXV-16-2022	2022.5375570776257	0.0022063990225134316	1.3259289525903092E-5
hMPXV-IHU00007	2022.509589041096	0.0022063990225134316	1.344915630612474E-5
NY-NYCPHL-000399	2022.6356164383562	0.0022173470660846986	2.354163691672311E-5
MPXV_435_SP_2022	2022.5	0.0022063990225134316	1.3514253487915615E-5
Monkeypox/PT0154/2022	2022.509589041096	0.0022063990225134316	1.344915630612474E-5
MPXV-CH-38134631/2022	2022.3780821917808	0.0022063990225134316	1.4341917656389425E-5
MPX_cAC1lu_9000277	2022.622488584475	0.002206399022513431	1.268271448719117E-5
8887	2022.427397260274	0.002206399022513431	1.4007132150040385E-5
Slovenia-MPXV-39-2022	2022.622488584475	0.002206399022513431	1.268271448719117E-5
Slovenia-MPXV-23-2022	2022.5375570776257	0.0022063990225134316	1.3259289525903092E-5
MPX_k9tr7U_9000256	2022.622488584475	0.0022063990225134316	1.2682714487191604E-5
MPXV/Germany/2022/ON/RKI601	2022.622488584475	0.0022173093104238288	2.3593002397588776E-5
Slovenia-MPXV-17-2022	2022.5375570776257	0.002206399022513431	1.3259289525902659E-5
hMPXV-CH-38212023/2022	2022.4082191780822	0.0022063990225134316	1.4137326513620832E-5
Monkeypox/PT0202/2022	2022.4876712328767	0.0022118697060348087	1.906863338588076E-5
INMI-Pt3	2022.3780821917808	0.0022063990225134316	1.4341917656389425E-5
Slovenia-MPXV-19-2022	2022.5375570776257	0.0022063990225134316	1.3259289525903092E-5
MPXV/Germany/2022/ON/RKI306	2022.622488584475	0.0022063990225134316	1.2682714487191604E-5
Monkeypox/PT0426/2022	2022.5780821917808	0.0022174685489260272	2.4053702848791762E-5
MpxV/human/CAN/UN-NML-3344/2022	2022.4136986301369	0.002206399022513431	1.4100128124026109E-5
MpxV/human/CAN/UN-NML-2969/2022	2022.3917808219178	0.002206399022513431	1.4248921682403267E-5
MPXV_1081_SP_2022	2022.5	0.0022063990225134316	1.3514253487915615E-5
RNA	2022.6493150684933	0.0022118459794358684	1.7947554293905408E-5
MPXV/Germany/2022/RKI242	2022.622488584475	0.002228255931748991	3.453962372275106E-5
Monkeypox/PT0210/2022	2022.4794520547946	0.00222286644165951	3.01211665949719E-5
MPxV/VIDRL01/2022	2022.3704337899544	0.0022118459285403427	1.9840746435441804E-5
MPX_Mfh7qh_9000333	2022.622488584475	0.0022173039787264457	2.3587670700205704E-5
hMPXV-IHU00006	2022.504109589041	0.0022063990225134316	1.3486354695720765E-5
hMPXV/Austria/MUW1536480/2022	2022.5534246575342	0.0022063990225134307	1.3151569189371291E-5
MPXV/Germany/2022/RKI332	2022.7074200913244	0.0022173039787264457	2.301109566149248E-5
MPXV/Germany/2022/ON/RKI702	2022.622488584475	0.0022118605313337265	1.8144223307486537E-5
Monkeypox/PT0447/2022	2022.5890410958905	0.0022174963870719862	2.400714421556217E-5
MPXV_USA_2022_MA0214	2022.5	0.002233937560702655	4.1052791677138965E-5
MPXV22/human/USA-OK-302	2022.7013698630137	0.0022173052954930655	2.3053485649956757E-5
MPXV/Germany/2022/ON/RKI874	2022.5375570776257	0.0022063990225134316	1.3259289525903092E-5
MPXV/Germany/2022/ON/RKI316	2022.7074200913244	0.0022118471483619892	1.7554265297035996E-5
MpxV/human/CAN/UN-NML-3658/2022	2022.4383561643835	0.0022063990225134316	1.393273537085224E-5
MpxV/human/CAN/UN-NML-2861/2022	2022.3753424657534	0.0022063990225134316	1.436051685118657E-5
Monkeypox/PT0026/2022	2022.3753424657534	0.0022063990225134316	1.436051685118657E-5
MpxV/human/CAN/UN-NML-2844/2022	2022.3643835616438	0.0022063990225134316	1.4434913630376883E-5
MPXV/Germany/2022/RKI188	2022.622488584475	0.0022118459285403427	1.812962051410275E-5
MpxV/human/CAN/UN-NML-2975/2022	2022.3698630136987	0.0022118554085046385	1.9854101231987775E-5
Monkeypox/PT0139/2022	2022.5232876712328	0.0022284115616147816	3.536869943349076E-5
MPX/PT0088/2022	2022.5479452054794	0.0022063990225134316	1.3188767578964714E-5
Monkeypox/PT0028/2022	2022.3753424657534	0.0022063990225134316	1.436051685118657E-5
MPXV/Germany/2022/RKI444	2022.7074200913244	0.0022118521182801615	1.7559235215208312E-5
hMPXV-IHU00017	2022.5534246575342	0.0022063990225134316	1.3151569189372159E-5
Slovenia-MPXV-41-2022	2022.622488584475	0.002211866649239677	1.8150341213437043E-5
MPXV_2022_NL001	2022.3704337899544	0.002206399022513431	1.4393840408530225E-5
MPXV/Germany/2022/RKI383	2022.7074200913244	0.002206399022513431	1.2106139448477948E-5
MpxV/human/CAN/UN-NML-3674/2022	2022.4465753424658	0.0022118459934162486	1.9323908689276078E-5
hMpxV/Netherlands/NH-AUMC-0001/2022	2022.4553652968036	0.0022119235105439307	1.9341753400318237E-5
MPX_o3VuSh_9000348	2022.622488584475	0.002217328821798486	2.3612513772246213E-5
Slovenia-MPXV-33-2022	2022.5375570776257	0.0022063990225134316	1.3259289525903092E-5
Slovenia-MPXV-24-2022	2022.5375570776257	0.002217790020725102	2.4650287737573544E-5
Monkeypox/PT0253/2022	2022.468493150685	0.002206399022513431	1.3728144228083213E-5
Monkeypox/PT0151/2022	2022.509589041096	0.0022063990225134316	1.344915630612474E-5
MPXV_USA_2022_MN0004	2022.5375570776257	0.002206399022513431	1.3259289525902659E-5
MPXV_2309_SP_2022	2022.5	0.0022118452782742917	1.8960509248775684E-5
MPXV_UK_2022_4	2022.3704337899544	0.0022173046101589397	2.5299428054038724E-5
NY-NYCPHL-000738	2022.5506849315068	0.002228287944266136	3.5059090136873704E-5
INMI-Pt1	2022.3753424657534	0.0022063990225134316	1.436051685118657E-5
MPXV_2345_SP_2022	2022.5	0.0022063990225134316	1.3514253487915615E-5
Monkeypox/PT0009/2022	2022.3671232876711	0.0022063990225134316	1.4416314435579738E-5
MPXV_431_SP_2022	2022.5	0.0022118459285403427	1.896115951482676E-5
MpxV/human/CAN/UN-NML-3165/2022	2022.4054794520548	0.0022063990225134316	1.4155925708417977E-5
Monkeypox/PT0351/2022	2022.3917808219178	0.0022063990225134316	1.42489216824037E-5
Monkeypox/PT0204/2022	2022.4794520547946	0.002222955356433727	3.0210081369188863E-5
ANT-LDSP-ANT-MPX-30626C	2022.8602739726027	0.002206399022513432	1.1068459372088908E-5
Monkeypox/PT0194/2022	2022.4849315068493	0.0022177173101934184	2.493483673928756E-5
MPXV_407_SP_2022	2022.5	0.0022063990225134316	1.3514253487915615E-5
MPXV_USA_2022_NM0003	2022.7074200913244	0.002233753863492938	3.9460980427984734E-5
MpxV/human/USA/WA-UW-085249/2022	2022.622488584475	0.0022173039787264457	2.3587670700205704E-5
MPXV_FVG-ITA_01_2022	2022.3945205479451	0.0022063990225134316	1.4230322487606556E-5
B1118395	2022.6712328767123	0.002211851246456575	1.7804027756236716E-5
MPXV/human/Japan/Tokyo/TKY220091/2022	2022.5375570776257	0.0022227751584615067	2.9635425473978176E-5
MPX_I1tnVS_9000246	2022.5375570776257	0.002206399022513431	1.3259289525902659E-5
NY-NYCPHL-001189	2023.013698630137	0.0022341176858793068	3.774556782932181E-5
PEV_case	2022.572602739726	0.0022282564689306466	3.487882124300536E-5
MpxV/human/CAN/UN-NML-3549/2022	2022.4301369863015	0.0022118459285403427	1.9435438982153084E-5
Monkeypox/PT0559/2022	2022.6602739726027	0.002217360354004936	2.3387532083786033E-5
Monkeypox/PT0317/2022	2022.427397260274	0.0022063990225134316	1.4007132150040819E-5
MpxV/human/CAN/UN-NML-3530/2022	2022.4191780821918	0.0022063990225134316	1.4062929734432253E-5
MPXV/Germany/2022/RKI107	2022.5375570776257	0.002206399022513431	1.3259289525902659E-5
PrEV_case_4	2022.7698630136986	0.0022118476454358934	1.713085572285604E-5
Slovenia-MPXV-29-2022	2022.5375570776257	0.002217666675851577	2.452694286404853E-5
hMPXV/Austria/MUW1525179/2022	2022.4383561643835	0.00222285527609933	3.038898895675081E-5
MPXV/Human/USA/CA-LACPHL-MA00485/2023	2023.1890410958904	0.002239425356676555	4.186289015955082E-5
Monkeypox/PT0293/2022	2022.4493150684932	0.0022063990225134316	1.385833859166366E-5
Slovenia-MPXV-11-2022	2022.5375570776257	0.0022063990225134316	1.3259289525903092E-5
MPXV/Germany/2022/RKI514	2022.4553652968036	0.0022063990225134316	1.381726536981917E-5
RNA_1vk8me	2022.5287671232877	0.0022063990225134316	1.3318961942544727E-5
MpxV/human/USA/WA-UW-094428/2022	2022.7074200913244	0.0022230010715468948	2.8708188481941545E-5
MPXV_UK_2022_9000177	2022.482191780822	0.0022063990225134316	1.3635148254097923E-5
MPXV-CH-38156923/2022	2022.3917808219178	0.0022063990225134316	1.42489216824037E-5
MpxV/human/CAN/UN-NML-3678/2022	2022.4465753424658	0.002206399022513431	1.3876937786458637E-5
MPXV_403_SP_2022	2022.5	0.0022118459285403427	1.896115951482676E-5
hMpxV/UK/LMO-004a/2022	2022.4657534246576	0.002223181135062617	3.052885597206638E-5
Monkeypox/PT0315/2022	2022.4191780821918	0.0022173295584750428	2.4993465696043424E-5
Monkeypox/PT0309/2022	2022.427397260274	0.0022063990225134316	1.4007132150040819E-5
Slovenia-MPXV-31-2022	2022.5375570776257	0.0022063990225134316	1.3259289525903092E-5
MpxV/human/CAN/UN-NML-3348/2022	2022.4109589041095	0.0022063990225134316	1.4118727318823687E-5
hMpxV/Netherlands/NH-AUMC-0060/2022	2022.5917808219178	0.0022282695927265317	3.476175067531045E-5
NY-NYCPHL-000497	2022.5534246575342	0.0022063990225134316	1.3151569189372159E-5
NY-NYCPHL-000178	2022.495890410959	0.002228556483461624	3.569961322830292E-5
9000430	2022.7074200913244	0.0022173039550534776	2.301107198852438E-5
MPX/UZ_REGA_1/Belgium/2022	2022.3780821917808	0.0022118459285403427	1.978882368330057E-5
MPXV_USA_2022_MA0146	2022.5	0.002234109045135374	4.122427610985793E-5
Slovenia-MPXV-27-2022	2022.5375570776257	0.0022063990225134307	1.3259289525902225E-5
hMPXV-IHU00001	2022.4465753424658	0.0022118460963685637	1.9324011641591154E-5
hMPXV-IHU00014	2022.5534246575342	0.0022285755121679678	3.5328058843908314E-5
hMPXV-IHU00010	2022.5424657534247	0.0022063990225134316	1.3225965968559003E-5
MpxV/human/CAN/UN-NML-3357/2022	2022.4164383561645	0.0022173039787264457	2.4986485142243497E-5
MPXV_2286_SP_2022	2022.5	0.0022063990225134316	1.3514253487915615E-5
NY-NYCPHL-000647	2022.5342465753424	0.0022063990225134316	1.3281763552952172E-5
INMI-Pt2	2022.3780821917808	0.0022063990225134316	1.4341917656389425E-5
MPXV/Germany/2022/ON/RKI418	2022.7074200913244	0.0022227745353279142	2.8481652262960996E-5
Monkeypox/PT0344/2022	2022.3945205479451	0.002211890679422918	1.9721979397092828E-5
MpxV/human/CAN/UN-NML-2886/2022	2022.3808219178081	0.0022063990225134316	1.432331846159228E-5
hMPXV-IHU00018	2022.5534246575342	0.002206399022513431	1.3151569189371725E-5
Slovenia-MPXV-25-2022	2022.5375570776257	0.0022230828500025297	2.9943117015001144E-5
MPXV_UK_2022_9000104	2022.4438356164383	0.0022283924561629816	3.588897063080791E-5
hMPXV-IHU00013	2022.5479452054794	0.0022063990225134316	1.3188767578964714E-5
MpxV/human/CAN/UN-NML-3913/2022	2022.4876712328767	0.0022063990225134316	1.3597949864503633E-5
WA-2022	2022.4082191780822	0.002234236505534972	4.1974809535161306E-5
NY-NYCPHL-000810	2022.5287671232877	0.0022063990225134316	1.3318961942544727E-5
MPXV/Germany/2022/RKI360	2022.7074200913244	0.0022118459285403427	1.7553045475389526E-5
MPXV/Germany/2022/ON/RKI831	2022.5375570776257	0.0022063990225134316	1.3259289525903092E-5
MPX_1bN2W6_9000258	2022.622488584475	0.0022118459285403427	1.812962051410275E-5
MPX/UZ_REGA_2/Belgium/2022	2022.386301369863	0.0022118459285403427	1.9733026098909135E-5
MPXV_UK_2022_6	2022.3704337899544	0.0022063990225134316	1.4393840408530659E-5
ANT-LDSP-ANT-MPX-31503O	2022.890410958904	0.002206399022513432	1.0863868229320315E-5
MPXV/human/Taiwan/110-093354/2023	2023.203310502283	0.0022510200745478825	5.336073722464257E-5
MPXV/Germany/2022/RKI716	2022.7896118721462	0.002239255246338401	4.440438742953339E-5
LBMB-UTP_MP-007_TOL	2022.7013698630137	0.002228911623645646	3.465981380253733E-5
MP01CHUAC	2022.3704337899544	0.002206399022513431	1.4393840408530225E-5
MPXV_USA_2023_MA0217	2023.5	0.0022451927254257156	4.5519250299233104E-5
hMPXV-CH-38292866/2022	2022.4328767123288	0.0022118682635562654	1.943917480328036E-5
Monkeypox/PT0006/2022	2022.3671232876711	0.0022118459661873845	1.9863258109532617E-5
9000411	2022.5	0.002228255931748991	3.537116272347507E-5
MPX_h9DUQg_9000203	2022.5375570776257	0.0022227730969961233	2.9633364008594797E-5
MPXV/Germany/2022/ON/RKI888	2022.5375570776257	0.0022118475121199713	1.8707779132442776E-5
2022/2_SLO	2022.3917808219178	0.0022063990225134316	1.42489216824037E-5
MPXV_13555_SP_2022	2022.5	0.0022063990225134316	1.3514253487915615E-5
MPX-42/Finland/2022	2022.4109589041095	0.0022063990225134316	1.4118727318823687E-5
MPX/UZ_REGA_5/Belgium/2022	2022.4	0.0022063990225134316	1.4193124098012266E-5
MPXV_420_SP_2022	2022.5	0.0022063990225134316	1.3514253487915615E-5
MpxV/human/CAN/UN-NML-3100/2022	2022.4	0.0022063990225134316	1.4193124098012266E-5
MpxV/human/CAN/UN-NML-2896/2022	2022.3808219178081	0.0022063990225134316	1.432331846159228E-5
MpxV/human/CAN/UN-NML-2967/2022	2022.3698630136987	0.0022063990225134316	1.4397715240780859E-5
MPXV/Germany/2022/RKI172	2022.5375570776257	0.0022063990225134316	1.3259289525903092E-5
hMPXV-IHU00003	2022.504109589041	0.0022063990225134316	1.3486354695720765E-5
MPXV_1077_SP_2022	2022.5	0.0022063990225134316	1.3514253487915615E-5
Monkeypox/PT0040/2022	2022.4164383561645	0.0022063990225134316	1.4081528929229398E-5
MPXV_UK_2022_9000159	2022.504109589041	0.0022063990225134316	1.3486354695720765E-5
MPXV_351_R_SP_2022	2022.5	0.0022063990225134316	1.3514253487915615E-5
MPX/UZ_REGA_4/Belgium/2022	2022.4	0.0022063990225134316	1.4193124098012266E-5
MPXV_349_R_SP_2022	2022.5	0.0022063990225134316	1.3514253487915615E-5
MPXV_2318_SP_2022	2022.5	0.0022063990225134316	1.3514253487915615E-5
MpxV/human/CAN/UN-NML-2849/2022	2022.3780821917808	0.0022063990225134316	1.4341917656389425E-5
MpxV/human/CAN/UN-NML-2873/2022	2022.3780821917808	0.0022063990225134316	1.4341917656389425E-5
MPXV_ISR001_2022	2022.3808219178081	0.0022063990225134316	1.432331846159228E-5
MPXV_UK_2022_9000096	2022.4301369863015	0.0022063990225134316	1.3988532955241939E-5
MPXV_453_SP_2022	2022.5	0.0022063990225134316	1.3514253487915615E-5
MPXV_438_SP_2022	2022.5	0.0022063990225134316	1.3514253487915615E-5
MpxV/human/CAN/UN-NML-2853/2022	2022.3780821917808	0.0022063990225134316	1.4341917656389425E-5
MPXV_415_SP_2022	2022.5	0.0022063990225134316	1.3514253487915615E-5
MPXV_345_R_SP_2022	2022.5	0.0022063990225134316	1.3514253487915615E-5
MPXV_350_R_SP_2022	2022.5	0.0022063990225134316	1.3514253487915615E-5
MPX/UZ_REGA_6/Belgium/2022	2022.4	0.0022063990225134316	1.4193124098012266E-5
hMPXV-IHU00005	2022.504109589041	0.0022063990225134316	1.3486354695720765E-5
MPXV_IRBA22-14	2022.3808219178081	0.0022063990225134316	1.432331846159228E-5
MPXV/Germany/2022/RKI476	2022.5375570776257	0.0022063990225134316	1.3259289525903092E-5
MPX/UZ_REGA_3/Belgium/2022	2022.4	0.0022063990225134316	1.4193124098012266E-5
MPXV_USA_2022_MA001	2022.3704337899544	0.0022063990225134316	1.4393840408530659E-5
MPXV_USA_2022_MA0041	2022.5	0.0022063990225134355	1.3514253487919518E-5
Monkeypox/PT0188/2022	2022.4876712328767	0.0022063990225134355	1.3597949864507537E-5
9000393	2022.622488584475	0.0022278493297929075	3.4133021766667455E-5
MP03CHUAC	2022.4553652968036	0.0022169221428975623	2.4340385753949915E-5
Monkeypox/PT0020/2022	2022.3780821917808	0.0022216590827077104	2.9601977850668253E-5
Monkeypox/PT0015/2022	2022.3808219178081	0.00222165908270771	2.9583378655870674E-5
MPXV_2317_SP_2022	2022.5	0.00223333481464364	4.0450045618123896E-5
MPXV/PT0626/2023	2023.2164383561644	0.0022616725855641624	6.3924127099187E-5
MPXV/Spain/HUNSC_ITER_0006a/2022	2022.495890410959	0.0022335344135172774	4.0677543283956265E-5
MPXV/Spain/HUNSC_ITER_0006b/2022	2022.495890410959	0.002211475188324143	1.861831809082167E-5
Monkeypox_virus/Human/USA/CA-LACPHL-MA00274/2022	2022.5479452054794	0.002233907267770437	4.069701283597026E-5
MPXV-USA-IL-IDPH-072	2022.4931506849316	0.0022118633717294997	1.9025100690975728E-5
RNA_1nkhdt	2022.5616438356165	0.0022063990225134355	1.3095771604982893E-5
RNA_2hw04z	2022.5616438356165	0.0022063990225134355	1.3095771604982893E-5
case1_skin	2022.6794520547944	0.0022267715690377624	3.26685527530326E-5
case1_air	2022.6657534246576	0.0022267715690377624	3.276154872701659E-5
MpxV/human/CAN/UN-NML-3611/2022	2022.4356164383562	0.002211475188324143	1.902750037636059E-5
MpxV/human/CAN/UN-NML-3518/2022	2022.4301369863015	0.002211475188324143	1.9064698765953146E-5
Monkeypox/PT0409/2022	2022.5616438356165	0.0022165609548093624	2.3257703900909834E-5
Monkeypox/PT0365/2022	2022.4849315068493	0.0022165609548093637	2.3778481355232924E-5
case6_skin	2022.6657534246576	0.002221661204722685	2.7651184411939343E-5
case6_air	2022.6657534246576	0.002221661204722685	2.7651184411939343E-5
MPXV/Spain/HUNSC_ITER_0007a/2022	2022.5068493150684	0.0022560027964651785	6.307152945267055E-5
MPXV/Spain/HUNSC_ITER_0007b/2022	2022.5068493150684	0.002216608418783425	2.3677151770917174E-5
RNA_7ivon6	2022.6027397260275	0.0022063990225134355	1.2816783683025721E-5
RNA_1q3cr1	2022.5479452054794	0.0022063990225134355	1.3188767578968617E-5
hMPXV/Austria/MUW1540386/2022	2022.6	0.0022165620730629624	2.299843342734977E-5
hMPXV/Austria/MUW1533948/2022	2022.5287671232877	0.0022165620730629624	2.3482012492075533E-5
RNA_2yky20	2022.66301369863	0.002211475188324143	1.748376720819584E-5
RNA_nbttjo	2022.5808219178082	0.0022334661117807747	4.0032666508742036E-5
MpxV/human/CAN/UN-NML-3686/2022	2022.4493150684932	0.0022325652080796552	4.002452415788728E-5
Monkeypox/BR0001/2022	2022.4301369863015	0.002221656517797751	2.924602823956143E-5
MPXV_457_SP_2022	2022.5	0.0022118459506925018	1.8961181666985773E-5
Monkeypox/PT0543/2022	2022.6328767123289	0.002217346894046953	2.3560064073772924E-5
NY-NYCPHL-000170	2022.4849315068493	0.0022228397075744082	3.005723412027742E-5
Monkeypox/PT0454/2022	2022.5863013698631	0.002233902797191753	4.043215353012608E-5
hMPXV/Austria/MUW1531848/2022	2022.5068493150684	0.0022114752196877355	1.854395267522754E-5
hMPXV/Austria/MUW1533374/2022	2022.5232876712328	0.0022114752196877355	1.843235750644467E-5
9000413	2022.622488584475	0.0022267638937827437	3.3047585756503656E-5
MPX_jpMpSR_9000252	2022.622488584475	0.0022267638937827437	3.3047585756503656E-5
MPXV/Human/USA/CA-LACPHL-MA00484/2023	2023.1013698630136	0.0022267638937827437	2.979660149925005E-5
MPXV/Human/USA/CA-LACPHL-MA00477/2023	2023.0438356164384	0.0022267638937827437	3.018718458999009E-5
NY-NYCPHL-001101	2022.5068493150684	0.002244545628028003	5.1614361015495016E-5
ANT-LDSP-ANT-MPX-24812-L	2022.6876712328767	0.0022280945122375565	3.393569836843526E-5
MPXV_2434_SP_2022	2022.5	0.0022169224408361992	2.403767181068323E-5
Monkeypox_virus/Human/USA/CA-LACPHL-MA00397/2023	2023.0054794520547	0.002221656390475523	2.5340070009929275E-5
Monkeypox_virus/Human/USA/CA-LACPHL-MA00398/2023	2023.0054794520547	0.002226732536819706	3.0416216354112267E-5
Monkeypox_virus/Human/USA/CA-LACPHL-MA00396/2023	2023.0054794520547	0.0022323774345522117	3.606111408661818E-5
MPXV/Germany/2022/ON/RKI448	2022.7074200913244	0.002206399022513435	1.210613944848185E-5
RNA_3kkhpp	2022.5616438356165	0.0022063990225134394	1.3095771604986796E-5
RNA_3qpse1	2022.5808219178082	0.002206399022513439	1.2965577241406349E-5
NY-NYCPHL-000378	2022.6219178082192	0.0022114751883241424	1.7762755130152578E-5
MPXV/Human/USA/CA-LACPHL-MA00410/2023	2023.0054794520547	0.0022114751883241424	1.5158867858548839E-5
NY-NYCPHL-000587	2022.5753424657535	0.0022114751883241424	1.807894144170404E-5
hMPXV/Austria/MUW1531254/2022	2022.504109589041	0.0022165609548093637	2.364828699165291E-5
Monkeypox/PT0152/2022	2022.509589041096	0.0022216370836939943	2.868721748668741E-5
MPX/PT0065/2022	2022.5671232876712	0.0022216370836939943	2.829663439594737E-5
MPXV/Human/USA/CA-LACPHL-MA00412/2023	2023.0109589041097	0.0022384478098030802	4.209429094789241E-5
MPXV/Human/USA/CA-LACPHL-MA00489/2023	2023.13698630137	0.0022318182850569793	3.46092032411211E-5
MPXV/Human/USA/CA-LACPHL-MA00487/2023	2023.13698630137	0.0022318182850569793	3.46092032411211E-5
Monkeypox/PT0408/2022	2022.5616438356165	0.0022063990225134355	1.3095771604982893E-5
MPXV_2307_SP_2022	2022.5	0.0022063990225134355	1.3514253487919518E-5
Monkeypox/PT0468/2022	2022.5917808219178	0.0022119182858233383	1.8410443772117098E-5
Monkeypox/PT0506/2022	2022.6219178082192	0.002211475188324143	1.776275513015301E-5
Monkeypox/PT0278/2022	2022.4493150684932	0.0022114751883241424	1.8934504402374434E-5
Monkeypox/PT0517/2022	2022.6246575342466	0.0022114751883241424	1.7744155935355433E-5
MPXV_395_SP_2022	2022.5	0.0022165609548093637	2.367618578384776E-5
MPXV_399_SP_2022	2022.5	0.0022165609548093637	2.367618578384776E-5
MPXV_441_SP_2022	2022.5	0.0022165609548093637	2.367618578384776E-5
NY-NYCPHL-000401	2022.641095890411	0.0022381026837926038	4.426005623503395E-5
VAC_INS_MPX_1052_E	2022.813698630137	0.00223182183671353	3.680745988373854E-5
VAC_INS_MPX_0958_L	2022.7808219178082	0.00223182183671353	3.703065022130428E-5
LBMB-UTP_MP-025_VAC	2022.8712328767124	0.002253909854374186	5.850489445365266E-5
MPXV_1579_SP_2022	2022.5	0.002211475188324143	1.859041929862682E-5
MPXV_419_SP_2022	2022.5	0.002211475188324143	1.859041929862682E-5
MPXV_1075_SP_2022	2022.5	0.0022278493297929075	3.4964560767391465E-5
MpxV/Spain/MD-HGUGM-6642566/2022	2022.468493150685	0.002211475188324143	1.8804310038794854E-5
Slovenia-MPXV-18-2022	2022.5375570776257	0.0022326165414471083	3.947680845957976E-5
Slovenia-MPXV-21-2022	2022.5375570776257	0.002232616541447113	3.947680845958453E-5
Slovenia-MPXV-32-2022	2022.5375570776257	0.002232616541447113	3.947680845958453E-5
Slovenia-MPXV-20-2022	2022.5375570776257	0.002243789926296661	5.065019330913233E-5
MPXV/human/Taiwan/110-122438/2023	2023.203310502283	0.0022174567519952187	1.979741467197883E-5
hMpxV/USA/CA-CDPH-1MPX1000214/2023	2023.0821917808219	0.0022267616210371924	2.9924523117278844E-5
MPXV/Human/USA/CA-LACPHL-MA00482/2023	2023.0246575342467	0.0022486837288520395	5.223721402286422E-5
hMpxV/USA/CA-CDPH-1MPX1000213/2023	2023.0821917808219	0.002243139273664842	4.6302175744928394E-5
MpxV/human/CAN/UN-NML-2831/2022	2022.3643835616438	0.0022165609305213455	2.4596821638290817E-5
MpxV/human/CAN/UN-NML-2850/2022	2022.3780821917808	0.002216560930521346	2.4503825664303792E-5
MpxV/human/CAN/UN-NML-3366/2022	2022.4164383561645	0.0022063990225134355	1.40815289292333E-5
MpxV/human/CAN/UN-NML-3476/2022	2022.4	0.0022063990225134355	1.419312409801617E-5
MPXV-UK_P3	2018.7074200913244	0.0020039965438593604	-1.6314151480172501E-4
MPXV-UK_P2	2018.7074200913244	0.0020039965438593604	-1.6314151480172501E-4
MPXV_Nigeria_2017_5205	2017.9567351598175	0.0019735164360707965	-1.8852544321586433E-4
MPXV_Nigeria_2017_2946	2017.7896118721462	0.0019680696619135507	-1.9283766649048255E-4
MPXV_Nigeria_2017_2915	2017.7896118721462	0.0019680696619135507	-1.9283766649048255E-4
MK783029	2017.9287671232876	0.0019533299074104603	-2.085221050959771E-4
MK783028	2017.854794520548	0.0019424251821033673	-2.189246521435489E-4
MK783031	2017.854794520548	0.001942425182103367	-2.1892465214354935E-4
MK783027	2017.854794520548	0.0019424251821033673	-2.189246521435489E-4
MPXV-M2957_Lagos	2018.5	0.0019376910408293872	-2.2803890379226094E-4
MPXV_Nigeria_2018_5232	2018.0416666666667	0.0019322443241961938	-2.3037413012917847E-4
MPXV_Nigeria_2018_5231	2018.0416666666667	0.0019322443241961938	-2.3037413012917847E-4
MPXV_Nigeria_2018_5300	2018.0416666666667	0.0019322443241961938	-2.3037413012917847E-4
MPXV-M5312_HM12_Rivers	2018.622488584475	0.0019376910682223697	-2.2887041540000253E-4
MPXV_Nig_2017_298464	2017.5	0.001950942724840398	-2.0799851368028368E-4
MPXV_Nigeria_2018_5194	2018.0416666666667	0.0019271683028504755	-2.3545015147489676E-4
MPXV_Nigeria_2017_2888	2017.7896118721462	0.0019424251821033708	-2.1848214630066243E-4
MPXV_Nigeria_2018_5315	2018.4553652968036	0.0019698106134041263	-1.956163193356183E-4
MPXV_Nigeria_2018_5222	2018.126598173516	0.001962789324468745	-2.0040570489533857E-4
MPXV_Nigeria_2018_5223	2018.126598173516	0.001962789324468745	-2.0040570489533857E-4
MPXV_Nigeria_2018_5220	2018.0416666666667	0.001962789324468745	-1.9982912985662708E-4
MPXV-M2940_FCT	2018.5	0.001952586765904817	-2.131431787168311E-4
MPXV_Nigeria_2018_5301	2018.126598173516	0.0019729531558495606	-1.9024187351452315E-4
MPXV_Nigeria_2018_5218	2018.126598173516	0.0019729531558495606	-1.9024187351452315E-4
MPXV_Nigeria_2018_5302	2018.126598173516	0.0019729531558495606	-1.9024187351452315E-4
MPXV_Nigeria_2018_5219	2018.126598173516	0.0019729531558495606	-1.9024187351452315E-4
MPXV_Nigeria_2017_5227	2017.9567351598175	0.001964288919826146	-1.9775295946051477E-4
MPXV-M3021_Delta	2018.5	0.001942425182103367	-2.2330476251828128E-4
MPXV_Nigeria_2018_5305	2018.203310502283	0.0019475347673244296	-2.1618103949397598E-4
MPXV_Nigeria_2018_5307	2018.203310502283	0.0019475347673244296	-2.1618103949397598E-4
MPXV/046/19	2019.3616438356164	0.001979167406244931	-1.924119851404271E-4
MPXV/021/19	2019.2520547945205	0.00197372294825952	-1.9711247533395204E-4
MPXV/017/19	2019.2109589041097	0.0019627935173301223	-2.0776291834139274E-4
MPXV/013/19	2019.1534246575343	0.00196279351733013	-2.0737233525064316E-4
MPXV/007/19	2019.0904109589042	0.0019682552502251803	-2.0148282087525862E-4
MPXV_Nigeria_2018_5306	2018.203310502283	0.0019475347673244296	-2.1618103949397598E-4
MPXV_Nigeria_2018_5316	2018.4553652968036	0.0019475347673244296	-2.1789216541531504E-4
MPXV_Nigeria_2017_2944	2017.7896118721462	0.0019752055365527808	-1.8570179185125246E-4
MPXV_Nigeria_2017_2958	2017.7896118721462	0.0019639085989488726	-1.9699872945516065E-4
MPXV_Nigeria_2017_2945	2017.7896118721462	0.001958800485122303	-2.021068432817301E-4
MPXV_Nigeria_2017_2886	2017.7896118721462	0.0019478736983552813	-2.1303363004875195E-4
MPXV_Nigeria_2017_2979	2017.7896118721462	0.0019691018977842033	-1.918054306198299E-4
MK783030	2017.9123287671232	0.0019525897368904942	-2.0915068044716038E-4
MPXV_Nigeria_2017_3008	2017.8745433789954	0.0019526504612126044	-2.0883344223014038E-4
MK783032	2017.8745433789954	0.001969024407213826	-1.9245949622891893E-4
MPXV_Nigeria_2018_5221	2018.0416666666667	0.001963910304060621	-1.987081502647513E-4
MPXV_USA_2022_PA0016	2022.5375570776257	0.0021404649620969827	-5.267477089054579E-5
MPXV_UK_2022_9000166	2022.490410958904	0.0021517691150039985	-4.105055683972661E-5
MPXV/191/20	2020.0601092896175	0.002019919324203329	-1.564017438709206E-4
Mpox-HCMC-M155	2022.7972602739726	0.0021352325163284925	-5.9670265332516324E-5
hMpxV/Egypt/MOH-NRC-0002/2022	2022.7342465753425	0.002210962311448354	1.6487311267679525E-5
MPXV_USA_2022_FL001	2022.3704337899544	0.0020873724879646796	-1.0463269414022133E-4
Mpox-HCMC-M157	2022.7342465753425	0.0021582424957211762	-3.623250445949824E-5
Slovenia-MPXV-30-2022	2022.5375570776257	0.0020867635692500123	-1.0637616373751621E-4
MPXV_UK_2022_9000155	2022.4191780821918	0.00209221061316431	-1.001254796146895E-4
MPXV_USA_2022_VA001	2022.3704337899544	0.002120926927819823	-7.107825428507783E-5
MPXV/113/19	2019.9671232876713	0.0020039352208877205	-1.717545925478117E-4
MPXV/111/19	2019.964383561644	0.00200393522088772	-1.717359933530167E-4
Monkeypox/PT0428/2022	2022.5808219178082	0.0021541302631109763	-3.9303182161056285E-5
MPXV_USA_2021_TX	2021.5375570776257	0.0020975033962420874	-8.884763064447455E-5
