Type	adrenal_gland_zona_fasciculata	adrenal_gland_zona_glomerulosa	adrenal_gland_zona_reticularis	appendix_crypt	bladder_urothelium	bronchus_epithelium	bronchus_seromucous_gland	colon_crypt	heart	kidney_distal_tubule	kidney_glomerulus	kidney_proximal_tubule	liver_bile_duct	liver_parenchyma	oesophagus_epithelium	pancreas_acinar_cells	pancreas_duct	pancreas_islet	prostate_acinus	skin_epidermis	skin_hair_follicle	skin_sebaceous_gland	small_bowel_brunners_gland	small_bowel_crypt	stomach_gland	testis_seminiferous_tubule	thyroid_follicle	ureter_urothelium	visceral_fat	VARV_V4	VARV_V3	VARV_V1	VARV_V2	MPXV_M1
A[C>A]A	8	12	0	499	10	50	1	881	0	9	13	25	119	67	234	63	11	16	80	46	14	11	13	834	81	116	37	9	10	4	0	0	1	0
A[C>A]C	3	7	0	347	7	32	3	621	0	6	3	12	69	52	146	28	9	5	62	31	12	10	14	557	82	147	30	3	3	4	0	0	1	0
A[C>A]G	1	1	0	75	7	12	0	176	0	2	1	5	29	19	59	16	5	1	16	6	6	3	8	156	20	31	5	0	0	1	0	0	0	0
A[C>A]T	4	8	0	244	10	35	1	484	0	3	5	12	67	37	134	40	18	6	53	30	7	12	8	437	54	67	26	6	1	1	0	1	0	0
A[C>G]A	11	8	1	128	4	23	0	265	0	6	5	12	53	25	74	33	11	6	40	14	2	2	3	328	35	129	18	4	6	6	1	1	2	0
A[C>G]C	0	4	0	98	5	33	0	144	0	3	5	11	27	16	51	13	6	2	30	16	1	3	7	187	19	52	3	1	3	4	0	0	0	0
A[C>G]G	1	0	1	27	3	6	0	71	0	1	0	1	16	5	11	10	2	1	6	8	0	1	3	46	4	25	2	1	0	2	0	0	0	0
A[C>G]T	3	9	2	135	3	44	0	236	0	4	4	24	72	17	117	31	20	6	39	14	4	6	12	287	43	124	24	5	2	3	0	0	0	0
A[C>T]A	8	13	4	664	24	87	2	1118	1	20	14	33	128	53	234	117	35	15	152	73	15	17	20	1306	135	315	45	26	15	75	12	3	5	0
A[C>T]C	5	12	1	527	15	62	4	798	0	7	10	16	77	41	161	62	13	12	81	200	20	20	14	800	73	204	19	14	4	20	2	3	1	0
A[C>T]G	3	6	0	4566	15	108	3	7208	0	15	14	13	129	37	316	94	33	17	277	102	35	30	30	8341	479	685	66	8	8	84	9	5	5	0
A[C>T]T	4	6	1	783	19	65	2	840	0	14	11	29	92	37	224	71	9	19	106	136	26	17	21	957	86	232	28	9	7	19	1	0	1	0
A[T>A]A	1	4	1	179	14	63	1	389	0	4	3	14	46	27	204	31	11	6	43	47	6	6	4	328	38	63	22	6	5	11	0	0	1	0
A[T>A]C	2	2	0	142	12	25	0	336	0	3	2	10	47	23	100	14	14	7	29	20	9	7	13	263	47	74	19	0	3	5	1	0	0	0
A[T>A]G	4	4	0	146	14	36	1	258	0	12	3	17	84	37	137	30	18	9	27	30	8	6	8	291	55	108	15	9	3	1	0	0	2	0
A[T>A]T	2	5	1	260	22	26	1	538	0	7	6	17	62	16	163	24	10	4	39	77	7	10	12	469	50	71	17	1	3	12	2	0	2	0
A[T>C]A	26	20	2	660	58	208	4	1413	0	27	12	32	221	149	910	83	41	11	121	71	23	9	38	1111	153	563	62	16	15	20	1	3	4	0
A[T>C]C	8	5	1	270	7	50	0	587	0	9	3	12	55	23	121	24	14	6	37	37	4	3	9	418	34	150	14	7	4	10	3	0	3	0
A[T>C]G	11	16	4	367	33	142	2	688	0	21	7	25	212	172	235	68	42	12	79	55	14	8	23	767	117	536	44	21	7	27	1	4	5	0
A[T>C]T	20	22	4	817	27	140	0	1793	0	28	8	36	207	104	628	81	40	23	95	72	20	16	32	1055	157	483	55	15	17	15	1	0	2	0
A[T>G]A	1	3	0	76	2	25	0	161	0	6	0	8	29	16	52	12	8	6	14	9	2	1	4	144	20	50	3	3	0	2	0	1	0	0
A[T>G]C	1	0	1	30	3	12	0	104	0	3	1	12	23	8	25	12	3	1	8	4	2	1	2	79	15	26	6	1	0	2	0	1	0	0
A[T>G]G	3	1	0	73	8	11	0	139	0	3	0	8	19	18	41	21	5	2	20	12	6	4	1	162	23	79	8	4	2	2	0	0	0	0
A[T>G]T	0	1	0	143	16	31	0	262	0	5	2	20	44	19	72	25	13	3	31	19	4	1	6	208	39	62	11	2	0	2	0	0	1	0
C[C>A]A	3	4	1	366	8	31	1	586	1	9	5	20	85	57	114	45	12	10	61	51	21	17	11	583	80	80	16	3	6	5	1	0	2	0
C[C>A]C	3	3	0	260	11	28	3	398	0	3	0	18	38	50	98	30	8	7	29	31	5	7	4	361	34	80	17	4	1	3	0	2	2	0
C[C>A]G	2	1	0	68	4	9	0	139	0	3	1	3	18	18	41	17	1	2	13	10	3	3	4	128	18	33	6	1	0	12	0	0	4	0
C[C>A]T	6	5	0	328	4	22	0	452	0	9	5	19	53	37	94	27	11	3	41	32	8	2	5	414	45	60	23	5	1	22	0	0	2	0
C[C>G]A	4	9	0	81	5	33	0	145	0	7	3	10	38	16	49	32	4	4	20	7	4	1	2	176	30	78	14	3	6	0	1	0	1	0
C[C>G]C	8	7	0	74	6	39	0	178	0	11	2	5	56	21	61	22	4	4	28	12	4	2	8	200	23	99	15	3	6	1	0	0	0	0
C[C>G]G	2	1	0	46	0	11	1	65	0	2	2	3	12	10	30	8	4	1	14	10	3	2	1	47	12	29	3	0	0	0	0	0	0	0
C[C>G]T	9	5	2	130	11	73	1	269	0	8	5	24	89	27	136	44	13	2	34	12	7	6	10	253	42	137	17	8	3	0	0	0	0	0
C[C>T]A	5	16	2	561	25	74	1	952	1	18	9	20	110	65	220	75	29	18	78	494	60	29	14	1009	118	182	42	11	7	31	1	4	4	0
C[C>T]C	3	15	4	670	43	79	1	1038	0	14	12	18	88	52	252	74	27	9	88	653	63	37	12	1088	107	172	33	10	8	3	1	1	2	4
C[C>T]G	4	7	1	2504	21	60	4	3941	1	14	10	9	83	28	228	57	19	16	143	207	33	17	17	4149	245	617	34	6	4	32	2	1	6	0
C[C>T]T	9	12	1	814	55	79	5	1123	0	13	11	26	139	78	361	111	28	13	105	611	76	35	24	1185	121	243	40	8	8	7	1	1	3	0
C[T>A]A	7	2	0	99	0	21	3	150	0	3	5	9	20	27	82	22	4	3	18	17	3	2	6	153	26	17	15	1	5	5	0	1	0	0
C[T>A]C	2	2	1	122	4	17	1	220	0	6	1	8	29	21	125	10	9	5	22	15	5	4	7	234	19	49	9	6	2	7	1	1	1	0
C[T>A]G	1	5	0	155	5	34	0	262	0	9	4	25	66	47	105	25	12	4	44	20	3	4	9	248	36	50	14	4	1	3	0	0	0	0
C[T>A]T	2	4	0	291	3	24	1	323	0	3	5	14	28	16	123	17	3	6	36	23	5	4	8	322	44	34	16	0	2	6	0	0	0	0
C[T>C]A	4	1	0	212	4	65	1	334	0	8	9	22	53	42	90	25	4	7	36	21	6	7	8	320	39	127	15	10	4	13	1	3	1	0
C[T>C]C	0	6	1	177	2	21	0	304	0	6	1	16	32	14	68	13	5	6	31	11	7	8	8	367	41	92	12	1	5	3	0	0	0	0
C[T>C]G	3	7	1	216	8	59	1	371	0	7	3	24	73	40	77	39	13	9	49	17	8	9	7	391	36	219	22	4	2	9	2	0	3	0
C[T>C]T	4	5	0	221	9	36	1	408	0	6	2	22	56	37	140	22	11	4	33	35	3	3	9	403	52	169	15	4	6	3	0	1	1	0
C[T>G]A	1	0	0	46	2	19	0	121	0	3	1	9	13	6	34	6	4	3	22	7	0	3	4	95	9	27	1	0	2	4	0	0	0	0
C[T>G]C	3	2	1	73	2	17	2	137	0	3	0	12	30	15	30	9	12	1	26	11	3	1	5	122	12	42	7	2	2	12	0	2	0	0
C[T>G]G	3	4	0	76	3	24	0	149	0	6	5	9	27	11	37	16	4	1	27	13	8	1	2	166	33	76	9	2	2	8	1	2	1	0
C[T>G]T	2	8	2	121	4	32	0	234	0	4	8	13	48	28	69	25	12	4	22	21	0	2	7	234	40	67	12	6	3	20	0	2	2	0
G[C>A]A	5	3	1	611	5	43	0	860	0	7	8	10	68	43	145	24	14	8	42	30	5	18	14	810	64	95	23	1	0	3	0	1	0	0
G[C>A]C	2	4	0	301	6	25	0	442	0	4	3	6	52	42	111	17	13	4	30	19	9	9	5	415	35	114	13	1	0	2	0	0	1	0
G[C>A]G	4	0	0	103	2	12	0	193	0	2	1	2	26	22	56	5	1	1	11	8	4	2	2	150	16	50	5	0	2	4	0	1	1	0
G[C>A]T	3	2	1	349	2	24	3	486	0	4	5	8	37	26	107	25	6	7	32	17	6	6	7	530	33	65	11	2	0	3	0	1	2	0
G[C>G]A	4	2	1	75	2	29	0	127	0	6	3	6	30	10	37	13	7	1	16	5	4	3	2	155	9	66	9	4	3	2	0	0	0	0
G[C>G]C	5	9	0	64	3	34	0	151	0	6	2	8	45	20	48	21	5	8	15	10	3	4	4	142	17	77	26	1	0	0	0	0	1	0
G[C>G]G	1	1	0	13	3	4	0	34	0	0	0	1	7	7	9	5	2	0	4	3	0	3	2	48	4	11	6	0	0	0	0	0	1	0
G[C>G]T	7	8	1	79	3	34	1	171	0	13	0	9	33	20	45	19	11	3	27	4	1	3	3	159	15	88	16	4	3	0	0	0	0	0
G[C>T]A	7	12	4	514	7	86	2	806	1	9	5	10	91	37	207	67	27	15	86	43	14	13	22	909	92	135	32	10	4	77	4	5	11	2
G[C>T]C	5	4	0	613	16	61	1	965	0	16	6	13	65	44	218	67	18	16	80	136	19	15	22	1049	87	160	27	6	1	40	6	3	4	0
G[C>T]G	2	4	1	2962	1	63	2	4416	0	12	6	5	68	40	213	43	37	11	152	73	30	11	30	5054	321	428	32	4	5	87	6	8	15	0
G[C>T]T	8	8	1	591	28	60	2	882	0	9	3	16	102	57	233	75	23	13	92	96	18	20	11	906	71	165	42	11	7	31	0	1	5	0
G[T>A]A	1	0	0	59	2	15	0	113	0	3	1	11	31	16	37	10	5	2	18	21	4	3	5	89	10	25	8	1	1	7	0	1	2	0
G[T>A]C	0	0	0	58	2	7	0	91	0	3	1	5	25	12	35	8	6	4	10	9	1	3	5	103	28	37	7	1	2	13	2	2	1	0
G[T>A]G	1	3	2	49	0	28	1	125	0	1	1	11	25	23	49	19	11	3	24	29	11	4	4	118	22	50	8	2	2	8	0	0	0	0
G[T>A]T	1	3	0	69	4	13	0	166	0	3	2	9	28	9	45	6	8	2	26	17	8	1	5	147	22	34	11	3	2	3	0	0	1	0
G[T>C]A	7	7	2	276	12	74	1	509	0	8	3	23	85	53	110	37	13	6	39	30	6	4	20	539	79	148	19	2	6	28	3	8	5	0
G[T>C]C	1	2	1	196	6	33	0	339	0	4	0	9	29	19	60	13	9	4	25	11	7	7	6	363	36	81	9	3	2	27	2	2	0	0
G[T>C]G	4	9	0	191	10	39	2	299	0	7	7	8	63	52	77	35	12	10	22	27	5	5	13	360	46	140	13	3	6	50	5	6	7	0
G[T>C]T	5	9	1	347	9	54	0	640	0	6	2	16	72	42	131	45	19	8	55	176	26	10	12	514	110	152	18	8	4	17	2	1	2	0
G[T>G]A	0	3	0	36	2	18	1	84	0	1	1	1	3	4	16	10	5	1	13	1	0	0	1	76	14	24	5	1	0	2	0	0	1	0
G[T>G]C	1	0	0	33	0	8	0	84	0	1	0	3	7	4	21	3	5	2	4	3	1	1	1	53	8	30	3	2	0	3	0	0	0	0
G[T>G]G	0	2	0	40	3	11	0	78	0	1	3	3	16	2	19	11	3	0	11	4	3	1	5	93	15	44	4	2	0	1	0	0	0	0
G[T>G]T	0	2	0	81	3	22	0	169	0	2	2	4	21	6	21	18	5	2	12	10	0	3	2	103	9	37	10	1	1	4	1	1	0	0
T[C>A]A	2	3	0	488	5	40	0	794	0	5	4	15	47	51	166	44	8	11	40	57	12	7	10	823	64	89	15	2	0	10	0	0	1	0
T[C>A]C	3	2	2	482	12	49	2	764	0	5	1	27	67	54	194	21	10	9	64	51	13	10	16	712	47	83	15	2	4	5	0	1	1	0
T[C>A]G	3	0	0	114	2	8	0	208	0	1	0	2	15	17	44	5	0	1	8	5	2	4	5	187	13	54	5	1	0	9	2	0	0	0
T[C>A]T	2	6	0	661	12	35	2	1066	0	10	5	26	66	52	284	49	13	9	59	46	6	13	9	1058	82	106	21	3	4	6	0	0	1	0
T[C>G]A	6	7	2	120	2	31	3	223	0	7	2	11	55	20	86	25	12	3	23	15	4	1	8	477	37	106	17	6	2	2	0	0	0	0
T[C>G]C	7	9	0	92	6	52	0	204	0	9	4	15	69	34	93	16	8	2	38	25	7	3	10	241	25	121	20	5	6	0	0	0	0	0
T[C>G]G	0	0	0	21	2	11	0	54	0	4	0	2	5	11	14	11	0	0	7	7	1	1	2	40	6	13	3	1	2	0	0	0	0	0
T[C>G]T	6	11	2	226	10	89	2	469	0	13	3	30	141	45	356	50	10	14	61	37	11	3	19	751	66	178	32	7	8	0	0	0	0	0
T[C>T]A	9	11	3	484	32	79	3	870	0	13	11	30	134	60	223	74	29	16	97	582	76	16	27	1420	95	211	40	6	5	247	21	25	33	15
T[C>T]C	11	15	4	672	26	73	1	1043	0	26	7	26	115	58	244	101	19	13	77	1323	159	44	29	1219	106	180	41	8	4	49	1	4	4	8
T[C>T]G	1	6	1	1827	8	32	3	2842	0	14	16	3	45	28	145	34	18	8	114	227	37	19	10	3249	180	402	22	5	4	211	17	13	21	10
T[C>T]T	11	8	0	600	22	74	1	967	0	8	6	27	110	62	329	65	21	14	88	783	95	38	18	1232	109	204	29	8	5	168	10	12	26	7
T[T>A]A	3	1	0	202	5	34	0	397	0	7	2	22	46	26	112	16	12	6	34	49	11	4	8	356	50	106	14	0	1	2	1	0	0	0
T[T>A]C	4	3	0	76	4	16	0	171	0	4	2	16	37	23	65	16	9	3	22	15	5	2	9	148	37	45	10	0	2	3	0	0	0	0
T[T>A]G	3	3	0	65	5	28	0	146	0	2	1	20	43	13	43	14	11	5	20	26	7	2	5	153	24	37	10	2	2	0	0	0	1	0
T[T>A]T	5	6	0	268	16	42	1	655	0	8	9	29	62	23	127	31	13	8	51	64	12	4	9	357	46	63	20	8	3	7	0	0	0	0
T[T>C]A	14	9	3	279	19	99	0	554	0	11	2	22	87	69	111	50	16	7	59	68	6	5	13	484	75	207	18	4	2	21	1	3	6	0
T[T>C]C	5	6	3	220	7	40	0	389	0	9	3	14	33	25	67	18	12	4	22	26	8	4	5	387	47	108	11	1	3	14	0	0	2	0
T[T>C]G	4	6	1	157	16	48	2	308	1	13	5	18	71	63	45	28	18	3	20	46	11	5	11	319	34	163	14	6	0	20	4	3	3	0
T[T>C]T	12	16	2	444	12	70	2	1039	0	10	6	17	92	37	121	43	28	1	45	48	6	8	22	620	101	252	25	8	5	20	0	1	2	0
T[T>G]A	4	1	0	108	1	28	2	238	0	4	3	12	45	22	58	21	7	1	29	20	5	1	5	159	39	57	11	0	1	3	0	0	1	0
T[T>G]C	4	0	0	75	3	13	0	199	0	6	1	8	47	16	62	20	3	4	25	17	4	4	3	131	27	64	13	2	1	9	0	0	0	0
T[T>G]G	4	2	0	113	2	23	0	182	0	7	5	8	39	14	51	20	7	2	29	11	4	2	5	177	25	86	9	4	1	5	0	0	0	0
T[T>G]T	2	8	0	313	12	28	1	843	0	11	3	28	87	26	102	48	13	5	69	29	6	3	8	381	56	114	14	4	2	7	1	0	0	0
