Type	Adipose_Subcutaneous	Adipose_Visceral_Omentum	Adrenal_Gland	Artery_Aorta	Artery_Coronary	Artery_Tibial	Brain_Caudate_basal_ganglia	Brain_Cortex	Brain_Frontal_Cortex_BA9	Brain_Hippocampus	Brain_Hypothalamus	Brain_Nucleus_accumbens_basal_ganglia	Brain_Putamen_basal_ganglia	Breast_Mammary_Tissue	Colon_Sigmoid	Colon_Transverse	Esophagus_Gastroesophageal_Junction	Esophagus_Mucosa	Esophagus_Muscularis	Heart_Atrial_Appendage	Heart_Left_Ventricle	Liver	Lung	MPXV_M1	Muscle_Skeletal	Nerve_Tibial	Ovary	Pancreas	Pituitary	Prostate	Skin_Not_Sun_Exposed_Suprapubic	Skin_Sun_Exposed_Lower_leg	Small_Intestine_Terminal_Ileum	Spleen	Stomach	Thyroid	VARV_V1	VARV_V2	VARV_V3	VARV_V4	Whole_Blood
A[C>A]A	17	31	13	17	17	60	6	11	24	8	11	15	15	32	8	16	8	43	13	34	41	49	80	0	69	44	16	18	23	12	36	68	12	15	12	88	0	1	0	4	86
A[C>A]C	23	19	10	16	8	36	6	11	16	13	8	6	5	22	13	14	4	33	7	18	27	25	43	0	46	34	12	12	13	20	24	47	8	23	11	51	0	1	0	4	76
A[C>A]G	7	9	3	2	3	10	0	5	2	1	2	1	0	11	6	8	1	21	1	8	16	14	32	0	21	21	4	6	0	4	17	16	8	5	4	26	0	0	0	1	24
A[C>A]T	9	15	5	5	1	14	4	6	5	0	1	3	2	9	1	8	4	12	1	17	8	9	27	0	21	22	5	10	1	3	8	17	4	5	9	25	1	0	0	1	19
A[C>G]A	12	15	5	18	3	10	7	15	7	1	1	7	8	14	11	22	3	51	3	4	10	27	33	0	29	25	12	16	33	9	32	40	18	33	24	29	1	2	1	6	57
A[C>G]C	12	10	6	13	4	15	4	2	6	3	1	6	5	12	8	24	2	41	5	6	6	22	35	0	26	14	6	11	5	9	27	22	11	32	17	22	0	0	0	4	35
A[C>G]G	9	6	5	7	3	8	4	3	5	1	1	3	0	10	4	22	3	32	3	2	4	12	23	0	15	9	6	7	4	4	13	17	7	22	7	21	0	0	0	2	25
A[C>G]T	5	9	7	8	3	2	1	1	0	1	0	2	1	5	7	10	8	55	2	2	4	7	9	0	20	10	3	1	3	4	5	12	5	21	8	17	0	0	0	3	26
A[C>T]A	35	30	33	27	28	55	7	15	18	11	14	38	9	36	20	35	19	119	24	30	36	86	93	0	67	53	29	36	34	43	64	84	43	57	21	55	3	5	12	75	224
A[C>T]C	21	17	24	19	16	33	6	7	8	6	6	22	3	24	14	37	9	75	18	19	15	58	90	0	70	22	21	34	17	18	51	132	20	63	19	50	3	1	2	20	106
A[C>T]G	23	27	16	27	18	51	5	26	24	14	9	15	7	39	14	44	11	85	13	13	25	103	60	0	53	43	21	36	51	35	42	69	34	28	29	62	5	5	9	84	179
A[C>T]T	27	20	40	28	23	69	8	9	13	13	12	17	7	28	22	43	15	124	18	16	20	107	72	0	63	49	34	38	24	30	46	91	32	51	14	42	0	1	1	19	182
A[T>A]A	11	10	15	11	4	16	5	8	10	10	6	6	6	11	9	11	7	27	6	4	23	22	20	0	30	21	16	15	4	5	8	46	6	8	6	21	0	1	0	11	30
A[T>A]C	0	4	2	4	4	6	0	6	4	5	1	3	1	6	4	8	3	12	5	0	4	8	10	0	9	6	3	8	3	1	7	27	4	6	6	11	0	0	1	5	14
A[T>A]G	5	7	4	9	7	11	4	6	2	1	2	7	1	7	8	18	4	24	7	6	8	12	16	0	20	5	5	6	3	10	11	14	2	12	5	16	0	2	0	1	15
A[T>A]T	6	8	10	13	4	14	7	6	10	6	5	6	6	8	6	8	0	31	13	7	22	17	15	0	27	12	11	13	10	11	8	38	6	3	12	16	0	2	2	12	38
A[T>C]A	25	29	27	19	21	39	5	22	17	9	8	28	6	34	19	26	12	82	26	16	29	96	94	0	89	45	36	27	25	31	58	68	41	38	21	70	3	4	1	20	170
A[T>C]C	15	24	29	12	22	20	3	18	7	4	6	28	4	19	9	29	11	75	12	27	34	59	82	0	72	28	8	27	17	25	58	220	15	60	16	70	0	3	3	10	128
A[T>C]G	23	9	29	21	6	33	12	18	13	7	12	9	10	25	22	40	6	62	14	12	23	43	39	0	58	39	21	22	31	18	37	61	14	36	16	54	4	5	1	27	117
A[T>C]T	21	19	27	25	7	27	3	9	13	13	12	17	4	14	11	33	9	60	16	14	26	68	66	0	57	29	15	23	19	28	48	114	43	49	30	49	0	2	1	15	111
A[T>G]A	17	39	38	10	29	29	0	8	1	3	0	7	0	14	14	19	14	58	31	38	30	32	91	0	75	45	21	26	8	10	72	35	22	48	11	55	1	0	0	2	183
A[T>G]C	22	36	15	14	17	35	3	7	3	3	2	4	3	5	17	21	8	43	20	30	23	27	100	0	58	32	15	22	6	3	48	37	12	21	17	31	1	0	0	2	62
A[T>G]G	15	23	20	11	9	40	0	14	4	1	1	6	5	18	5	21	7	57	13	15	33	29	45	0	65	28	9	12	2	11	25	43	13	39	10	25	0	0	0	2	196
A[T>G]T	19	25	20	16	3	23	5	7	6	0	4	6	2	12	6	14	7	35	13	22	24	24	51	0	38	30	10	18	2	6	20	19	8	7	12	26	0	1	0	2	45
C[C>A]A	18	17	10	16	14	46	15	19	12	10	8	17	7	20	9	22	11	45	16	28	42	35	50	0	59	40	20	20	11	15	32	52	26	25	17	57	0	2	1	5	121
C[C>A]C	12	24	15	11	6	77	2	16	10	3	13	8	6	24	7	17	4	41	12	16	38	30	84	0	95	56	11	16	6	6	31	66	19	22	10	70	2	2	0	3	137
C[C>A]G	5	7	11	13	10	15	8	5	8	5	1	5	4	30	6	32	2	26	2	12	7	9	49	0	31	21	5	8	7	9	17	27	11	29	16	27	0	4	0	12	52
C[C>A]T	8	12	7	8	4	21	1	9	3	2	4	6	5	8	5	18	2	40	3	9	25	23	26	0	42	21	6	5	9	8	22	40	6	21	10	26	0	2	0	22	81
C[C>G]A	6	5	5	9	3	3	1	4	3	7	1	4	0	4	1	9	2	19	3	1	3	5	9	0	7	2	1	5	8	6	8	20	2	5	5	16	0	1	1	0	20
C[C>G]C	6	8	5	8	4	10	3	7	9	4	7	4	0	6	7	8	1	20	5	6	6	11	14	0	14	15	3	4	5	2	13	17	5	9	12	14	0	0	0	1	33
C[C>G]G	6	1	5	2	0	4	0	2	7	2	1	0	0	1	2	3	0	4	0	2	0	7	7	0	12	6	2	2	5	0	3	17	2	4	4	14	0	0	0	0	14
C[C>G]T	6	4	3	4	4	10	1	0	4	1	1	1	0	6	4	11	4	23	1	2	4	11	15	0	14	3	3	7	4	4	12	18	9	17	9	18	0	0	0	0	18
C[C>T]A	29	51	61	69	55	107	25	29	58	37	34	57	18	23	15	39	28	121	31	26	30	174	176	0	79	85	37	36	79	58	95	275	38	65	36	115	4	4	1	31	432
C[C>T]C	29	30	38	54	38	58	8	18	32	17	18	25	15	35	23	56	25	84	40	19	31	115	139	4	78	53	38	46	46	46	84	487	37	73	31	100	1	2	1	3	308
C[C>T]G	53	54	50	117	66	166	13	41	71	44	35	46	22	56	33	81	40	150	44	42	34	192	257	0	89	90	65	65	89	65	108	214	39	86	51	158	1	6	2	32	581
C[C>T]T	55	77	66	115	65	155	35	52	93	22	32	89	17	67	29	103	49	175	60	41	52	164	225	0	130	101	57	73	99	66	95	415	61	93	42	136	1	3	1	7	537
C[T>A]A	4	3	8	4	4	10	0	2	7	0	1	0	1	5	4	11	3	11	6	3	1	3	16	0	18	4	5	6	5	1	12	18	10	7	8	10	1	0	0	5	20
C[T>A]C	2	8	13	18	4	14	6	9	4	6	5	9	3	7	9	26	5	40	6	6	12	16	33	0	26	10	5	11	12	3	18	29	16	24	18	37	1	1	1	7	26
C[T>A]G	6	17	10	18	7	20	1	6	12	2	4	7	2	15	14	25	2	51	6	4	7	22	37	0	49	9	8	7	7	9	28	31	11	16	23	29	0	0	0	3	38
C[T>A]T	6	8	4	12	7	8	2	10	4	0	4	6	0	7	5	17	3	31	7	6	11	17	16	0	19	5	8	5	5	5	12	18	7	13	6	15	0	0	0	6	17
C[T>C]A	22	30	28	24	24	37	15	18	18	17	17	24	8	37	19	56	10	117	32	29	23	96	117	0	78	38	34	34	46	37	86	385	46	69	36	103	3	1	1	13	227
C[T>C]C	30	33	26	22	23	56	12	20	18	10	8	34	10	30	26	43	22	105	20	23	27	71	109	0	52	40	26	53	38	25	83	619	37	64	43	108	0	0	0	3	182
C[T>C]G	22	34	31	44	19	65	8	26	23	17	20	20	14	35	18	48	27	140	13	22	25	91	118	0	75	47	36	51	47	41	85	239	32	51	23	100	0	3	2	9	206
C[T>C]T	38	16	52	42	27	73	16	24	41	19	23	34	13	41	35	67	22	127	54	23	36	90	126	0	112	66	37	44	46	32	96	527	40	55	42	114	1	1	0	3	210
C[T>G]A	4	13	16	2	10	13	2	8	3	0	0	2	2	6	7	5	3	16	13	13	15	6	24	0	31	13	3	13	2	5	22	8	8	9	2	12	0	0	0	4	52
C[T>G]C	8	11	2	10	3	13	4	2	0	2	4	4	2	6	4	17	1	22	4	8	5	10	25	0	25	9	6	10	8	5	20	21	5	10	11	12	2	0	0	12	33
C[T>G]G	6	6	10	9	9	11	5	6	6	4	1	3	2	17	3	21	5	20	5	16	11	11	37	0	34	15	3	7	3	9	23	34	8	19	9	13	2	1	1	8	81
C[T>G]T	5	11	3	4	4	12	1	5	1	1	0	3	0	5	4	9	3	30	2	9	7	15	21	0	23	16	0	8	1	1	16	14	2	5	4	16	2	2	0	20	21
G[C>A]A	7	13	3	5	5	23	3	12	8	3	1	4	3	16	5	19	3	33	6	19	26	19	32	0	36	26	5	9	7	9	16	18	11	20	10	39	1	0	0	3	32
G[C>A]C	12	21	5	8	7	23	6	6	6	4	2	9	0	11	7	18	6	23	7	9	15	18	57	0	43	27	8	8	2	5	33	42	5	14	11	29	0	1	0	2	41
G[C>A]G	7	14	0	6	3	12	3	3	4	3	2	5	2	10	3	26	1	24	0	7	4	9	32	0	22	16	5	3	9	3	14	21	7	14	13	17	1	1	0	4	23
G[C>A]T	7	8	8	10	10	17	3	6	4	2	3	3	3	5	4	9	5	22	7	10	14	7	35	0	25	8	11	11	3	2	25	22	6	18	11	25	1	2	0	3	26
G[C>G]A	8	10	5	9	5	14	3	5	3	2	3	8	3	12	13	20	7	26	4	2	5	13	19	0	15	7	2	8	8	8	26	31	16	21	12	32	0	0	0	2	39
G[C>G]C	5	6	4	7	12	12	2	9	10	6	2	1	3	7	4	9	5	21	7	10	6	17	13	0	28	10	6	4	2	4	9	14	9	19	15	16	0	1	0	0	34
G[C>G]G	7	12	9	9	5	10	3	6	8	5	4	2	1	5	10	14	2	25	5	4	6	11	22	0	16	18	6	5	5	4	13	17	9	21	15	7	0	1	0	0	40
G[C>G]T	11	6	3	11	3	13	4	2	7	2	0	3	3	13	6	24	3	33	6	5	6	21	24	0	21	8	4	8	6	7	21	21	5	20	13	25	0	0	0	0	26
G[C>T]A	15	24	36	31	24	54	6	13	21	16	18	29	8	19	19	29	13	78	19	19	22	82	103	2	60	36	26	31	43	32	67	68	29	32	18	49	5	11	4	77	199
G[C>T]C	11	18	26	15	13	29	4	11	15	6	5	19	4	17	7	35	13	80	17	18	19	60	72	0	67	19	16	19	21	19	65	174	18	57	14	34	3	4	6	40	109
G[C>T]G	31	30	43	47	33	58	16	27	22	14	7	23	10	48	26	41	22	81	24	23	21	112	100	0	60	60	31	47	54	33	63	75	24	43	29	82	8	15	6	87	259
G[C>T]T	20	31	47	30	19	59	10	12	13	13	9	24	3	28	15	39	8	72	11	15	23	67	50	0	53	42	16	33	26	19	76	125	28	40	26	51	1	5	0	31	149
G[T>A]A	4	10	1	5	1	5	1	2	3	2	0	0	1	8	1	11	5	18	3	5	5	12	12	0	13	6	2	6	0	4	8	19	5	12	8	10	1	2	0	7	8
G[T>A]C	2	5	7	3	5	3	0	2	5	0	0	0	0	5	1	9	0	10	4	2	3	8	8	0	4	3	3	1	3	1	5	12	4	11	8	9	2	1	2	13	10
G[T>A]G	4	8	8	17	7	12	5	9	8	3	5	7	2	9	9	26	4	46	4	4	9	23	37	0	27	9	7	11	8	5	20	34	14	19	16	33	0	0	0	8	23
G[T>A]T	4	2	3	4	3	3	0	4	7	3	1	3	1	6	4	8	2	13	4	1	2	8	9	0	9	8	3	6	0	1	7	34	3	7	5	12	0	1	0	3	20
G[T>C]A	17	25	21	21	15	28	7	8	15	3	9	22	7	25	8	37	5	53	18	11	19	48	58	0	62	34	24	26	18	15	61	48	20	39	23	70	8	5	3	28	121
G[T>C]C	23	22	15	16	16	31	5	10	7	4	10	22	4	23	24	30	13	79	13	21	21	58	72	0	62	20	8	21	29	11	90	204	22	47	29	64	2	0	2	27	112
G[T>C]G	20	23	16	27	13	33	5	14	17	8	3	16	8	28	19	38	9	69	15	18	18	42	66	0	56	32	33	21	42	27	63	80	16	29	26	51	6	7	5	50	146
G[T>C]T	21	16	24	29	14	28	2	14	8	3	13	11	11	29	12	37	11	71	18	11	18	34	48	0	57	28	17	22	22	21	65	152	22	51	24	46	1	2	2	17	108
G[T>G]A	25	39	34	30	26	78	3	9	4	2	1	8	6	11	7	21	23	60	43	57	53	37	103	0	100	34	14	13	10	21	58	65	33	55	11	38	0	1	0	2	204
G[T>G]C	27	62	8	28	21	47	5	10	7	3	2	19	0	19	20	33	19	62	37	36	37	32	99	0	100	32	16	21	6	17	67	52	14	26	17	45	0	0	0	3	78
G[T>G]G	11	33	8	14	8	60	4	11	7	1	8	7	4	18	6	17	7	44	14	27	32	28	70	0	86	50	6	20	9	10	36	73	19	26	13	58	0	0	0	1	179
G[T>G]T	35	47	21	25	18	54	5	14	7	8	5	6	6	15	19	22	22	66	15	33	40	23	58	0	66	46	20	15	12	15	47	55	11	28	14	42	1	0	1	4	92
T[C>A]A	2	13	17	1	5	16	5	1	3	1	1	2	2	9	5	7	5	25	7	12	14	19	25	0	28	20	1	14	0	3	10	25	7	3	2	21	0	1	0	10	48
T[C>A]C	10	14	14	9	4	34	8	4	4	4	0	8	5	8	6	11	3	18	10	20	28	16	47	0	37	10	6	3	6	8	15	37	10	18	5	27	1	1	0	5	76
T[C>A]G	2	5	8	0	3	11	2	5	2	0	0	3	1	10	4	2	2	7	0	6	7	6	9	0	10	8	3	8	2	1	9	6	3	4	2	7	0	0	2	9	20
T[C>A]T	9	8	7	6	10	8	0	2	0	1	0	3	0	9	2	10	3	23	7	10	12	16	31	0	19	21	5	10	7	1	18	26	9	10	3	22	0	1	0	6	43
T[C>G]A	2	5	4	6	1	9	1	6	5	2	1	2	6	4	9	16	2	18	8	1	3	11	16	0	30	10	5	12	3	1	17	17	8	25	8	20	0	0	0	2	17
T[C>G]C	8	14	8	15	5	12	1	7	4	5	1	6	1	13	8	16	6	33	3	3	4	16	19	0	20	9	7	8	7	12	37	27	16	24	16	34	0	0	0	0	32
T[C>G]G	8	8	8	5	6	6	1	4	4	6	3	7	1	9	3	18	3	20	5	1	4	10	13	0	14	4	1	7	14	11	11	17	3	9	7	17	0	0	0	0	31
T[C>G]T	14	12	7	9	3	9	2	12	5	2	4	5	5	15	15	23	3	44	6	6	9	31	37	0	29	18	12	20	26	9	33	47	15	21	19	49	0	0	0	0	52
T[C>T]A	28	19	34	26	28	26	8	12	18	28	17	32	6	19	18	46	12	86	26	15	25	92	100	15	55	44	23	29	32	37	50	180	36	45	30	53	25	33	21	247	252
T[C>T]C	35	29	39	22	27	66	13	20	29	15	16	32	6	40	30	51	21	81	27	21	33	76	110	8	65	47	29	45	32	33	59	474	36	55	21	101	4	4	1	49	174
T[C>T]G	19	27	26	50	15	33	9	10	12	24	5	14	5	33	23	36	10	61	16	20	11	80	91	10	32	33	19	26	28	36	43	120	18	31	22	51	13	21	17	211	225
T[C>T]T	33	37	59	36	20	79	21	21	41	21	22	43	17	35	24	51	14	103	23	16	41	151	133	7	97	71	35	62	55	40	88	282	41	53	28	95	12	26	10	168	347
T[T>A]A	14	8	24	22	9	28	5	24	14	8	7	7	5	11	9	8	10	23	7	3	23	27	37	0	35	27	17	10	9	10	15	34	10	7	11	27	0	0	1	2	42
T[T>A]C	3	9	3	9	1	6	1	4	4	3	0	1	1	6	3	13	5	18	3	3	6	9	13	0	12	4	2	8	3	1	7	23	6	12	7	9	0	0	0	3	6
T[T>A]G	4	6	5	7	4	10	0	3	9	1	1	1	0	6	3	11	3	11	5	3	1	5	15	0	18	3	4	6	5	1	9	16	4	4	6	9	0	1	0	0	25
T[T>A]T	15	15	17	13	5	19	8	6	13	9	8	8	7	15	11	17	5	39	8	3	22	27	26	0	42	19	14	20	3	6	14	47	12	16	5	21	0	0	0	7	29
T[T>C]A	10	14	28	22	13	41	9	13	21	26	10	22	9	20	13	33	16	89	22	14	35	49	75	0	52	33	13	15	25	14	45	234	30	53	16	61	3	6	1	21	178
T[T>C]C	40	29	38	47	15	50	21	30	39	15	13	36	15	25	20	47	21	106	38	25	47	75	86	0	112	44	37	41	33	31	79	766	43	42	31	106	0	2	0	14	149
T[T>C]G	9	12	9	17	15	16	6	15	23	8	6	6	3	25	5	20	7	72	8	4	16	40	33	0	43	29	18	16	23	20	44	120	18	23	10	47	3	3	4	20	127
T[T>C]T	37	31	49	30	34	62	15	30	42	8	11	31	18	40	31	50	22	104	37	38	41	73	86	0	87	54	53	55	34	35	61	507	32	62	34	94	1	2	0	20	199
T[T>G]A	10	26	40	11	20	32	4	5	2	2	2	7	1	7	16	16	7	38	31	30	21	32	70	0	70	34	2	17	3	20	56	46	23	25	8	46	0	1	0	3	160
T[T>G]C	15	28	5	11	7	22	9	15	11	4	1	7	2	11	10	26	11	52	15	26	27	28	47	0	42	33	10	16	5	6	23	25	13	26	12	32	0	0	0	9	54
T[T>G]G	24	28	14	27	14	48	14	15	10	10	6	17	7	23	9	32	11	64	23	28	43	39	72	0	78	47	23	25	12	11	35	62	18	47	16	46	0	0	0	5	246
T[T>G]T	24	47	17	21	18	59	4	18	23	7	11	16	13	30	18	32	19	60	22	35	35	61	90	0	74	52	26	27	31	13	49	83	20	30	15	80	0	0	1	7	119
